0.5265719890594482
0.5112593173980713
0.5120599269866943
0.5153019428253174
0.5246891975402832
0.5185589790344238
0.5155611038208008
0.5147740840911865
0.5465619564056396
0.5141561031341553
0.5118958950042725
0.5156779289245605
0.5445079803466797
0.5161478519439697
0.5323429107666016
0.5162718296051025
0.5261580944061279
0.529672384262085
0.5986659526824951
0.5167107582092285
0.544525146484375
0.518604040145874
0.5921809673309326
0.5146629810333252
0.521716833114624
0.5178642272949219
0.5159139633178711
0.5101261138916016
0.5271549224853516
0.5136661529541016
0.5141317844390869
0.5202739238739014
0.5363800525665283
0.511650800704956
0.5146329402923584
0.5230710506439209
0.5363080501556396
0.5151817798614502
0.5190198421478271
0.5147132873535156
0.5306482315063477
0.5151407718658447
0.5154211521148682
0.5148320198059082
0.5330362319946289
0.511138916015625
0.5234072208404541
0.5204601287841797
0.5343961715698242
0.5212929248809814
0.5188722610473633
0.5142369270324707
0.5341219902038574
0.512451171875
0.5168361663818359
0.5133910179138184
0.5296740531921387
0.5138661861419678
0.5149409770965576
0.520719051361084
0.5395588874816895
0.5111269950866699
0.6006479263305664
0.5146298408508301
0.6097488403320312
0.51192307472229
0.5820550918579102
0.5144131183624268
0.5528421401977539
0.5161700248718262
0.5115571022033691
0.5109372138977051
0.5309820175170898
0.5184051990509033
0.5128252506256104
0.514307975769043
0.546436071395874
0.517927885055542
0.5203678607940674
0.5120639801025391
0.5267081260681152
0.5156831741333008
0.5116899013519287
0.5119192600250244
0.5292108058929443
0.5300328731536865
0.5172889232635498
0.5119349956512451
0.541395902633667
0.5276749134063721
0.6244950294494629
0.5107002258300781
0.512056827545166
0.5161888599395752
0.513045072555542
0.5206758975982666
0.5305778980255127
0.5188829898834229
0.5160801410675049
0.9128892421722412
0.5156619548797607
0.5842421054840088
0.5185971260070801
0.6004390716552734
0.5455548763275146
0.5654923915863037
0.5117661952972412
0.5160300731658936
0.5235679149627686
0.6154313087463379
0.5196568965911865
0.5900430679321289
0.517859935760498
0.5273678302764893
0.514690637588501
0.5165507793426514
0.5375659465789795
0.5209951400756836
0.517096757888794
0.7892310619354248
0.5703408718109131
0.8064670562744141
0.9450287818908691
0.5321948528289795
0.5222570896148682
0.5145971775054932
0.5652470588684082
0.5210108757019043
0.5226030349731445
0.5164787769317627
0.5234570503234863
0.5324668884277344
0.5144500732421875
0.5173697471618652
0.5333077907562256
0.5566837787628174
0.5139648914337158
0.5179219245910645
0.5218338966369629
0.6080422401428223
0.5095517635345459
0.5701799392700195
0.5189559459686279
0.5171589851379395
0.5185298919677734
0.5190839767456055
0.5308279991149902
0.5331020355224609
0.5110478401184082
0.5293550491333008
0.5123217105865479
0.5366981029510498
0.5519940853118896
0.5101690292358398
0.5133070945739746
0.5354442596435547
0.5788018703460693
0.5181581974029541
0.6090798377990723
0.518388032913208
0.6249589920043945
0.5154218673706055
0.5161788463592529
0.509598970413208
0.5218780040740967
0.5111370086669922
0.5192441940307617
0.531822919845581
0.5125250816345215
0.515632152557373
0.5130889415740967
0.5544931888580322
0.5205202102661133
0.5163707733154297
0.5135784149169922
0.5279302597045898
0.5147478580474854
0.5133421421051025
0.5192160606384277
0.5249040126800537
0.5123729705810547
0.5179519653320312
0.5161190032958984
0.5246179103851318
0.5261468887329102
0.521543025970459
0.6090447902679443
0.5193400382995605
0.5164179801940918
0.5208849906921387
0.5118870735168457
0.5315029621124268
0.5734870433807373
0.5111470222473145
0.6281850337982178
0.5158281326293945
0.5191481113433838
0.515589714050293
0.5164098739624023
0.531836986541748
0.5190362930297852
0.5130736827850342
0.5126540660858154
1.5149507522583
0.5135869979858398
0.5109639167785645
0.5165083408355713
0.5616648197174072
0.517225980758667
0.6283049583435059
0.5206389427185059
0.513063907623291
0.5138568878173828
0.5203900337219238
0.5174171924591064
0.5299580097198486
0.510606050491333
0.516963005065918
0.5149986743927002
0.5286929607391357
0.5322608947753906
0.5139667987823486
0.5130519866943359
0.5346479415893555
0.5112061500549316
0.5137159824371338
0.5093197822570801
0.5306141376495361
0.5150542259216309
0.5149030685424805
0.5157561302185059
0.5743107795715332
0.5966019630432129
0.5134050846099854
0.5811557769775391
0.5349462032318115
0.5506560802459717
0.5852358341217041
0.5136239528656006
0.5123770236968994
0.5152230262756348
0.5175440311431885
0.511193037033081
0.5241637229919434
0.5146582126617432
0.5130879878997803
0.5183570384979248
0.5316519737243652
0.5222718715667725
0.5149319171905518
0.513171911239624
0.5309228897094727
0.5342798233032227
0.5147559642791748
0.5117130279541016
0.5304279327392578
0.5133790969848633
0.5167109966278076
0.5164299011230469
0.5326781272888184
0.5079391002655029
0.514812707901001
0.5239212512969971
0.5352480411529541
0.5134987831115723
0.5146811008453369
0.614509105682373
0.5175261497497559
0.5958030223846436
0.6259217262268066
0.5293400287628174
0.514970064163208
0.5136590003967285
0.513869047164917
0.5154685974121094
0.5274617671966553
0.514531135559082
0.516042947769165
0.516139030456543
0.5311279296875
0.5360813140869141
0.5142378807067871
0.5186190605163574
0.5292291641235352
0.5139439105987549
0.5156171321868896
0.5146610736846924
0.5443029403686523
0.5200121402740479
0.5685439109802246
0.5831282138824463
0.5184619426727295
0.5179738998413086
0.5150480270385742
0.5105080604553223
0.5371131896972656
0.5134730339050293
0.5201418399810791
0.5648610591888428
0.5223660469055176
0.5966320037841797
0.5229260921478271
0.5214979648590088
0.5165591239929199
0.5298991203308105
0.5182578563690186
0.5216822624206543
0.5262660980224609
0.5173220634460449
0.5155479907989502
0.5147571563720703
0.5385479927062988
0.5234408378601074
0.5166170597076416
0.5907731056213379
0.6153101921081543
0.6134059429168701
0.5262339115142822
0.5167558193206787
0.5195720195770264
0.533149242401123
0.5179619789123535
0.5177350044250488
0.5334262847900391
0.5407171249389648
0.5156710147857666
0.5190410614013672
0.5346381664276123
0.513664960861206
0.5354142189025879
0.5222492218017578
0.5297729969024658
0.5176961421966553
0.5229880809783936
0.5183370113372803
0.5379090309143066
0.5313720703125
0.5164668560028076
0.5156962871551514
0.5315127372741699
0.5251100063323975
0.5215330123901367
0.5234658718109131
0.5493817329406738
0.5234620571136475
0.544158935546875
0.5129969120025635
0.6145040988922119
0.5698699951171875
0.5206000804901123
0.5178720951080322
0.5225410461425781
0.5171561241149902
0.5125832557678223
0.5176689624786377
0.5276467800140381
0.516538143157959
0.5198590755462646
0.511491060256958
0.5383589267730713
0.5185282230377197
0.515315055847168
0.5180187225341797
0.5324909687042236
0.5167422294616699
0.5181140899658203
0.5297558307647705
0.5322167873382568
0.5305197238922119
0.5175862312316895
0.5155513286590576
0.5321228504180908
0.514066219329834
0.527921199798584
0.5177440643310547
0.5323569774627686
0.519812822341919
0.5918939113616943
0.5235979557037354
0.5971908569335938
0.5380289554595947
0.5168459415435791
0.5207808017730713
0.5305612087249756
0.5178449153900146
0.5167558193206787
0.514394998550415
0.5345120429992676
0.5277891159057617
0.5176708698272705
0.5203299522399902
0.5310781002044678
0.5139462947845459
0.5193321704864502
0.511580228805542
0.5405101776123047
0.541374921798706
0.5141680240631104
0.5285279750823975
0.5208828449249268
0.5795538425445557
0.6137309074401855
0.5411698818206787
0.5127291679382324
0.5122401714324951
0.579951286315918
0.521996021270752
0.5147337913513184
0.522162914276123
0.5161190032958984
0.5142300128936768
0.5295181274414062
0.5102589130401611
0.5137732028961182
0.515294075012207
0.5379340648651123
0.5162761211395264
0.5132558345794678
0.5161409378051758
0.5257022380828857
0.5084681510925293
0.5169930458068848
0.525062084197998
0.5338871479034424
0.5126938819885254
0.515998125076294
0.5110681056976318
0.5308358669281006
0.5151669979095459
0.5140917301177979
0.513681173324585
0.5386581420898438
0.5344469547271729
0.5262730121612549
0.5928001403808594
0.5145273208618164
0.5068871974945068
0.5140547752380371
0.6110079288482666
0.5147690773010254
0.5957088470458984
0.5210602283477783
0.5168592929840088
0.524043083190918
0.5126893520355225
0.5122120380401611
0.514456033706665
0.524245023727417
0.5135440826416016
0.5185201168060303
0.514625072479248
0.534196138381958
0.513131856918335
0.5153050422668457
0.5145449638366699
0.5396699905395508
0.5346808433532715
0.6059348583221436
0.6133730411529541
0.5156500339508057
0.6163921356201172
0.5270168781280518
0.514401912689209
0.5270240306854248
0.5117712020874023
0.5155961513519287
0.5160970687866211
0.5309500694274902
0.5206799507141113
0.5157620906829834
0.5167069435119629
0.5437040328979492
0.5134432315826416
0.5156171321868896
0.5187218189239502
0.5321788787841797
0.5100908279418945
0.5175464153289795
0.5179808139801025
0.5298042297363281
0.5122709274291992
0.5137059688568115
0.5281288623809814
0.5333189964294434
0.5154130458831787
0.6013519763946533
0.5184240341186523
0.6062862873077393
0.5898361206054688
0.516934871673584
0.5474770069122314
0.5192601680755615
0.5141177177429199
0.5127379894256592
0.5128428936004639
0.5273571014404297
0.5113577842712402
0.5118300914764404
0.5138230323791504
0.5276639461517334
0.512894868850708
0.5141758918762207
0.513159990310669
0.5273268222808838
0.5123200416564941
0.5160050392150879
0.5168941020965576
0.5353407859802246
0.5116019248962402
0.5175700187683105
0.517723798751831
0.5286529064178467
0.5156831741333008
0.5129690170288086
0.5146551132202148
0.5408520698547363
0.5160291194915771
0.5252630710601807
0.5147979259490967
0.530925989151001
0.5313937664031982
0.5817739963531494
0.5153496265411377
0.5150539875030518
0.5143258571624756
0.6095931529998779
0.5166630744934082
0.5955159664154053
0.5358619689941406
0.516909122467041
0.5126490592956543
0.5385651588439941
0.5100338459014893
0.5156300067901611
0.5111820697784424
0.5305333137512207
0.5142128467559814
0.5223667621612549
0.5155220031738281
0.5314538478851318
0.5088191032409668
0.5289092063903809
0.5139820575714111
0.5339117050170898
0.5191287994384766
0.5143461227416992
0.5161809921264648
0.5319311618804932
0.5157210826873779
0.5144879817962646
0.5389091968536377
0.6169593334197998
0.5169389247894287
0.6071372032165527
0.5288608074188232
0.6054298877716064
0.5226500034332275
0.5228769779205322
0.5159409046173096
0.531810998916626
0.5169041156768799
0.5132138729095459
0.5123739242553711
0.5297479629516602
0.5136189460754395
0.518779993057251
0.5205950736999512
0.5309078693389893
0.6057202816009521
0.5189309120178223
0.5154571533203125
0.5190348625183105
0.5188441276550293
0.5120368003845215
0.5216209888458252
0.5399777889251709
0.5121970176696777
0.516761064529419
0.5154743194580078
0.5376908779144287
0.5173168182373047
0.5193319320678711
0.512282133102417
0.537064790725708
0.5239191055297852
0.5158238410949707
0.5126478672027588
0.5311357975006104
0.5113739967346191
0.541895866394043
0.515988826751709
0.5132439136505127
0.5169010162353516
0.5076379776000977
0.5325639247894287
0.5158951282501221
0.5154862403869629
0.5123860836029053
0.5296046733856201
0.5126330852508545
0.5160350799560547
0.5143637657165527
0.5287857055664062
0.5398561954498291
0.5123536586761475
0.5102951526641846
0.6076891422271729
0.5187218189239502
0.514456033706665
0.6061420440673828
0.5131008625030518
0.5599071979522705
0.5203132629394531
0.5143156051635742
0.5146050453186035
0.5125329494476318
0.5470132827758789
0.5131640434265137
0.5298638343811035
0.5158929824829102
0.6020078659057617
0.5145189762115479
0.5091919898986816
0.5090391635894775
0.5173027515411377
0.5158190727233887
0.528994083404541
0.5105888843536377
0.5067389011383057
0.5120401382446289
0.5309739112854004
0.5177319049835205
0.5134470462799072
0.5144088268280029
0.5257019996643066
0.5165441036224365
0.5079631805419922
0.5140697956085205
0.5333678722381592
0.515002965927124
0.5121872425079346
0.5297210216522217
0.5513460636138916
0.5134201049804688
0.5320312976837158
0.5426790714263916
0.5206301212310791
0.6047370433807373
0.5281689167022705
0.6017119884490967
0.5192790031433105
0.5395829677581787
0.5150558948516846
0.514559268951416
0.5800561904907227
0.5135488510131836
0.5138530731201172
0.5126111507415771
0.5201380252838135
0.5137231349945068
0.5107519626617432
0.513707160949707
0.5319740772247314
0.5268988609313965
0.5565629005432129
0.5141410827636719
0.5164628028869629
0.5132758617401123
0.6040079593658447
0.5157670974731445
0.5151700973510742
0.6063990592956543
0.5140650272369385
0.6156480312347412
0.6235849857330322
0.5245029926300049
0.5170598030090332
0.5141189098358154
0.513355016708374
0.5125789642333984
0.5138318538665771
0.5181598663330078
0.5304629802703857
0.515052080154419
0.512901782989502
0.5171942710876465
0.5452752113342285
0.5143387317657471
0.518665075302124
0.5273940563201904
0.5389020442962646
0.5661869049072266
1.4323508739471436
0.5168073177337646
0.515408992767334
0.5301358699798584
0.5298728942871094
0.5105431079864502
0.515812873840332
0.5180177688598633
0.5288560390472412
0.5189628601074219
0.51385498046875
0.5185160636901855
0.5333678722381592
0.5172390937805176
0.5137901306152344
0.5244579315185547
0.5280411243438721
0.5178539752960205
0.5139508247375488
0.5813119411468506
0.5118238925933838
0.6175401210784912
0.5170729160308838
0.605708122253418
0.5278980731964111
0.5868937969207764
0.5348191261291504
0.5133049488067627
0.5170471668243408
0.5155062675476074
0.5099868774414062
0.60530686378479
0.6061739921569824
0.5143451690673828
0.6122310161590576
0.6303648948669434
0.5135407447814941
0.5694191455841064
0.5128130912780762
0.5184340476989746
0.5166101455688477
0.5080559253692627
0.5102100372314453
0.5152850151062012
0.5347602367401123
0.5135607719421387
0.5126216411590576
0.511422872543335
0.533440113067627
0.5143098831176758
0.5119161605834961
0.5149166584014893
0.7914249897003174
0.6065988540649414
0.5773360729217529
0.5159628391265869
0.5162110328674316
0.5158932209014893
0.5121347904205322
0.514315128326416
0.5292620658874512
0.5123441219329834
0.5104579925537109
0.5280640125274658
0.5373938083648682
0.5155239105224609
0.5165259838104248
0.519218921661377
0.5339598655700684
0.5164451599121094
0.5126750469207764
0.5139961242675781
0.5275940895080566
0.5140092372894287
0.5139672756195068
0.5157198905944824
0.5451571941375732
0.514289140701294
0.5194518566131592
0.5714850425720215
0.612138032913208
0.5177872180938721
0.6079611778259277
0.5118520259857178
0.5667870044708252
0.5150372982025146
1.619602918624878
0.5154502391815186
0.5750350952148438
0.513171911239624
0.5160868167877197
0.5114798545837402
0.5120377540588379
0.5111267566680908
0.5296609401702881
0.5096142292022705
0.5131511688232422
0.5150241851806641
0.5304839611053467
0.5525839328765869
0.5103890895843506
0.513756275177002
0.5287191867828369
0.513538122177124
0.5146617889404297
0.5256540775299072
0.533627986907959
0.5153253078460693
0.5133779048919678
0.5193510055541992
0.5281538963317871
0.527768611907959
0.511364221572876
0.514962911605835
0.5341320037841797
0.5463826656341553
0.5651779174804688
0.5165550708770752
0.5233919620513916
0.5129590034484863
0.546112060546875
0.5162999629974365
0.5272402763366699
0.5132973194122314
0.6062541007995605
0.514214277267456
0.5132038593292236
0.5131597518920898
0.5266931056976318
0.5177111625671387
0.5291488170623779
0.5133252143859863
0.5112371444702148
0.5103709697723389
0.5261988639831543
0.5156412124633789
0.5137162208557129
0.5195620059967041
0.5302720069885254
0.5199730396270752
0.5152270793914795
0.5156102180480957
0.5313467979431152
0.5136380195617676
0.5153839588165283
0.5139517784118652
0.5355620384216309
0.509645938873291
0.5278580188751221
0.510563850402832
0.5452301502227783
0.518726110458374
0.5216290950775146
0.5903310775756836
0.6135239601135254
0.5164721012115479
0.5263769626617432
0.5178947448730469
0.5282046794891357
0.5111958980560303
0.5857319831848145
0.5137531757354736
0.5645232200622559
0.5132949352264404
0.512458086013794
0.5154819488525391
0.5343029499053955
0.520888090133667
0.5105950832366943
0.5219860076904297
0.5322821140289307
0.5158350467681885
0.5298528671264648
0.5154821872711182
0.5284628868103027
0.5203280448913574
0.5163638591766357
0.5314788818359375
0.5379021167755127
0.5190560817718506
0.5160682201385498
0.5190508365631104
0.530472993850708
0.5505540370941162
0.6113491058349609
0.5769751071929932
0.5156707763671875
0.5114798545837402
0.5555989742279053
0.5129132270812988
0.5229330062866211
0.527008056640625
0.5165259838104248
0.5118160247802734
0.5384969711303711
0.5143148899078369
0.5175507068634033
0.5156149864196777
0.5273830890655518
0.5298130512237549
0.6177079677581787
0.5139508247375488
0.5160000324249268
0.5423538684844971
0.5175900459289551
0.5578150749206543
0.5159530639648438
0.5194840431213379
0.5149438381195068
0.516505241394043
0.5333812236785889
0.5806138515472412
0.6201629638671875
0.5157711505889893
0.5312891006469727
0.5173521041870117
0.5149083137512207
0.5130698680877686
0.5273849964141846
0.5176718235015869
0.5157549381256104
0.5143070220947266
0.5290441513061523
0.515833854675293
0.5170009136199951
0.5150160789489746
0.532750129699707
0.5102829933166504
0.5107841491699219
0.5154592990875244
0.5281951427459717
0.589885950088501
0.5128462314605713
0.5159640312194824
0.5673708915710449
0.518604040145874
0.5417273044586182
0.5150489807128906
0.5202748775482178
0.5991067886352539
0.5190041065216064
0.6009769439697266
0.5243029594421387
0.5150370597839355
0.5224728584289551
0.5168972015380859
0.5307259559631348
0.5137171745300293
0.5147037506103516
0.5105729103088379
0.5280711650848389
0.5120513439178467
0.5142178535461426
0.5187728404998779
0.5264029502868652
0.5139670372009277
0.5335931777954102
0.5147578716278076
0.5320179462432861
0.5120198726654053
0.5854740142822266
0.5134677886962891
0.6101787090301514
0.5116801261901855
0.6020877361297607
0.5305690765380859
0.5676190853118896
0.5203118324279785
0.5160989761352539
0.5182888507843018
0.5437488555908203
0.5169868469238281
0.5132420063018799
0.5113308429718018
0.5301949977874756
0.5206089019775391
0.5191450119018555
0.5269203186035156
0.5556442737579346
0.6057291030883789
0.5472676753997803
0.5125555992126465
0.5778822898864746
0.5142569541931152
1.5914318561553955
0.5146021842956543
0.5796670913696289
0.5128350257873535
0.5184948444366455
0.5148220062255859
0.5160138607025146
0.5185279846191406
0.5407521724700928
0.5145580768585205
0.5138189792633057
0.5147440433502197
0.5346088409423828
0.5139248371124268
0.5147337913513184
0.51226806640625
0.5285029411315918
0.5221521854400635
0.514970064163208
0.5123419761657715
0.539992094039917
0.514890193939209
0.5722470283508301
0.6099898815155029
