1.0761628150939941
0.5790798664093018
0.5221190452575684
0.56087327003479
0.5659897327423096
0.5101797580718994
0.6163179874420166
0.6141729354858398
0.6050801277160645
0.5186090469360352
0.5171868801116943
0.6001331806182861
0.556239128112793
0.5982561111450195
0.5622251033782959
0.5438871383666992
0.5155160427093506
0.6025171279907227
0.5585517883300781
0.5795161724090576
0.6264810562133789
0.5142059326171875
0.5170059204101562
0.5138461589813232
0.5844721794128418
0.5240468978881836
0.5121941566467285
0.5109858512878418
0.6113841533660889
0.6134090423583984
0.5600619316101074
0.5815129280090332
0.5719499588012695
0.5612263679504395
0.5096080303192139
0.5849621295928955
0.5127139091491699
0.5599789619445801
0.5881028175354004
0.512192964553833
0.6049249172210693
0.6106009483337402
0.5981190204620361
0.6399192810058594
0.5111479759216309
0.601762056350708
0.6175007820129395
0.6154561042785645
0.6312441825866699
0.5099990367889404
0.601902961730957
0.613483190536499
0.6038961410522461
0.522648811340332
0.5594000816345215
0.5670680999755859
0.5105059146881104
0.6103899478912354
0.6320400238037109
0.5136270523071289
0.5606389045715332
0.612969160079956
0.5511143207550049
0.5155720710754395
0.610288143157959
0.56101393699646
0.6338973045349121
0.5222151279449463
0.5375778675079346
0.6194348335266113
0.6341211795806885
0.5464761257171631
0.5683138370513916
0.6018350124359131
0.6132059097290039
0.5489721298217773
0.5097386837005615
0.5115180015563965
0.5762341022491455
0.6286060810089111
0.6067450046539307
0.6234991550445557
0.5080211162567139
0.6071879863739014
0.6159307956695557
0.6275222301483154
0.5088558197021484
0.6021051406860352
0.6139199733734131
0.5137360095977783
0.6115298271179199
0.6250841617584229
0.604423999786377
0.6153080463409424
0.5117888450622559
0.5147528648376465
0.5101540088653564
0.5078270435333252
0.513850212097168
0.5120749473571777
0.7156169414520264
0.6174492835998535
0.5082480907440186
0.515078067779541
0.6301558017730713
0.5581991672515869
0.5100290775299072
0.5109372138977051
0.5680172443389893
0.5200951099395752
0.5102388858795166
0.512444019317627
0.5491499900817871
0.5102970600128174
0.5071687698364258
0.5085470676422119
0.5792210102081299
0.5150163173675537
0.5588040351867676
0.5527949333190918
0.6148850917816162
0.6118991374969482
0.614264965057373
0.6278190612792969
0.6032559871673584
0.6141459941864014
0.6149258613586426
0.6005508899688721
0.5096030235290527
0.6278557777404785
0.6121020317077637
0.6063811779022217
0.5607788562774658
0.5656111240386963
0.6268610954284668
0.511232852935791
0.6019589900970459
0.52646803855896
0.6031641960144043
0.5203390121459961
0.6136651039123535
0.626558780670166
0.5525538921356201
0.5510227680206299
0.5248129367828369
0.6020619869232178
0.5078158378601074
0.6224939823150635
0.5601532459259033
0.5106120109558105
0.5749390125274658
0.5089879035949707
0.6079697608947754
0.5230112075805664
0.6378540992736816
0.5066618919372559
0.5928099155426025
0.5568230152130127
0.5089828968048096
0.5738730430603027
0.5866758823394775
0.6696000099182129
0.5116832256317139
0.5514450073242188
0.5484049320220947
0.5095160007476807
0.6183459758758545
0.5096242427825928
0.6075031757354736
0.5185620784759521
0.6133561134338379
0.5542252063751221
0.5966570377349854
0.5564191341400146
0.5136289596557617
0.5090219974517822
0.5128679275512695
0.5608768463134766
0.525547981262207
0.5102260112762451
0.5876719951629639
0.6260800361633301
0.5143539905548096
0.6005189418792725
0.6119987964630127
0.6057388782501221
0.6251051425933838
0.6170098781585693
0.5112030506134033
0.5129477977752686
0.5199851989746094
0.5084407329559326
0.5392911434173584
0.5917110443115234
0.5185890197753906
0.5885491371154785
0.5586597919464111
0.6178522109985352
0.5721831321716309
0.5147678852081299
0.6001400947570801
0.5110900402069092
0.6151778697967529
0.524960994720459
0.6145730018615723
0.556610107421875
0.5571210384368896
0.6246118545532227
0.5575618743896484
0.5706381797790527
0.5118811130523682
0.6134519577026367
0.6285600662231445
0.5110316276550293
0.6022212505340576
0.6312539577484131
0.6111660003662109
0.6021397113800049
0.5167717933654785
0.6080911159515381
0.5153462886810303
0.5962340831756592
0.5258190631866455
0.5094079971313477
0.5159311294555664
0.6314938068389893
0.513401985168457
0.5957620143890381
0.6136901378631592
0.5112159252166748
0.6045658588409424
0.5227651596069336
0.6169109344482422
0.5991978645324707
0.5492117404937744
0.5881838798522949
0.6143612861633301
0.6170370578765869
0.6159002780914307
0.5115180015563965
0.6101648807525635
0.6042492389678955
0.6151492595672607
0.5232000350952148
0.601722002029419
0.626885175704956
0.513192892074585
0.5585851669311523
0.5155119895935059
0.513556957244873
0.5619821548461914
0.6235179901123047
0.510951042175293
0.5229921340942383
0.6046221256256104
0.5115640163421631
0.6057310104370117
0.6052882671356201
0.609673023223877
0.5259089469909668
0.5927190780639648
0.5185892581939697
0.5148210525512695
0.6288139820098877
0.5192050933837891
0.6164720058441162
0.5138630867004395
0.6245062351226807
0.51047682762146
0.5897200107574463
0.618732213973999
0.5606729984283447
0.5546267032623291
0.5209951400756836
0.6112020015716553
0.5613820552825928
0.5102410316467285
0.5111019611358643
0.8764159679412842
0.5538349151611328
0.5132129192352295
0.5671548843383789
0.6063060760498047
0.5889668464660645
0.5441160202026367
0.6870200634002686
0.5487802028656006
0.6300179958343506
0.6464829444885254
0.5458240509033203
0.5327351093292236
0.614630937576294
0.6143937110900879
0.5080227851867676
0.6158220767974854
0.6138179302215576
0.6334521770477295
0.5146470069885254
0.5844917297363281
0.640326738357544
0.5102550983428955
0.5934979915618896
0.5608189105987549
0.5138401985168457
0.5135939121246338
0.5832030773162842
0.545518159866333
0.511955976486206
0.5641670227050781
0.5609130859375
0.5811688899993896
0.5854170322418213
0.51385498046875
0.5186021327972412
0.5182359218597412
0.56131911277771
0.5838778018951416
0.5126678943634033
0.5132060050964355
0.5909509658813477
0.512315034866333
0.6298561096191406
0.5138130187988281
0.5932941436767578
0.5175168514251709
0.6079771518707275
0.621971845626831
0.510282039642334
0.6279392242431641
0.5130860805511475
0.5930860042572021
0.5204570293426514
0.564424991607666
0.5110900402069092
0.5625209808349609
0.6134698390960693
0.5116946697235107
0.5580840110778809
0.5111720561981201
0.5103569030761719
0.5724177360534668
0.6037487983703613
0.5215890407562256
0.5903871059417725
0.5365102291107178
0.5104570388793945
0.6129209995269775
0.5131347179412842
0.607572078704834
0.6162869930267334
0.5595719814300537
0.5739829540252686
0.5678682327270508
0.5571467876434326
0.514477014541626
0.5983617305755615
0.5236668586730957
0.6068401336669922
0.5233681201934814
0.5221502780914307
0.6031510829925537
0.5303139686584473
0.5951759815216064
0.6143410205841064
0.625669002532959
0.6043000221252441
0.5409631729125977
0.5732107162475586
0.5103788375854492
0.6412003040313721
0.5124771595001221
0.5923230648040771
0.5165679454803467
0.6060962677001953
0.6220839023590088
0.5122361183166504
0.6302962303161621
0.5659048557281494
0.5358710289001465
0.5086357593536377
0.6314191818237305
0.6102392673492432
0.5111432075500488
0.6064980030059814
0.507227897644043
0.6611320972442627
0.6530301570892334
0.557868242263794
0.5988271236419678
0.6139352321624756
0.6879637241363525
0.547407865524292
0.5075738430023193
0.6142442226409912
0.5120911598205566
0.6981019973754883
0.542884111404419
0.5529460906982422
0.5494372844696045
0.509486198425293
0.6408820152282715
0.5118288993835449
0.6001248359680176
0.5149250030517578
0.6034657955169678
0.5607039928436279
0.5851631164550781
0.6052711009979248
0.6114730834960938
0.6325070858001709
0.5085766315460205
0.6023030281066895
0.5117790699005127
0.5088448524475098
0.6153459548950195
0.6141130924224854
0.6048638820648193
0.5239739418029785
0.5099608898162842
0.5588328838348389
0.5675370693206787
0.5120160579681396
0.5315840244293213
0.6004269123077393
0.6121671199798584
0.5593581199645996
0.5635137557983398
0.6170539855957031
0.6245639324188232
0.6027472019195557
0.612558126449585
0.517509937286377
0.6093759536743164
0.61639404296875
0.5101099014282227
0.6041607856750488
0.6142241954803467
0.6261868476867676
0.5990898609161377
0.5056331157684326
0.5557711124420166
0.5094821453094482
0.5905978679656982
0.6190941333770752
0.5103893280029297
0.5130858421325684
0.6122360229492188
0.6152689456939697
0.5106151103973389
0.6178140640258789
0.6155319213867188
0.7149460315704346
0.625579833984375
0.5090246200561523
0.5934798717498779
0.5255661010742188
0.6077799797058105
0.5189249515533447
0.5999078750610352
0.6393818855285645
0.6030006408691406
0.6008591651916504
0.627608060836792
0.5168161392211914
0.6063728332519531
0.5095512866973877
0.6042299270629883
0.5606367588043213
0.5079102516174316
0.5847690105438232
0.6155169010162354
0.6126000881195068
0.5095458030700684
0.6170518398284912
0.6148920059204102
0.6165661811828613
0.5375800132751465
0.5113849639892578
0.5212500095367432
0.5182089805603027
0.5697171688079834
0.6167159080505371
0.6075990200042725
0.618455171585083
0.5640201568603516
0.5504839420318604
0.5085549354553223
0.641394853591919
0.5122230052947998
0.5103468894958496
0.5117089748382568
0.7643060684204102
0.5131242275238037
0.5186381340026855
0.5123598575592041
0.5622138977050781
0.6136748790740967
0.5093269348144531
0.6056177616119385
0.5103368759155273
0.5806348323822021
0.5123999118804932
0.555901050567627
0.6041169166564941
0.5149328708648682
0.5140137672424316
0.6296758651733398
0.5924839973449707
0.6156671047210693
0.5121731758117676
0.6046719551086426
0.5122802257537842
0.6350328922271729
0.5596678256988525
0.5426099300384521
0.5247218608856201
0.593440055847168
0.5592019557952881
0.512394905090332
0.6001088619232178
0.5620908737182617
0.5484490394592285
0.5137639045715332
0.6159873008728027
0.5704891681671143
0.5122570991516113
0.568195104598999
0.6162972450256348
0.5106141567230225
0.5119240283966064
0.627701997756958
0.5182740688323975
0.5720491409301758
0.6453602313995361
0.5145480632781982
0.5899279117584229
0.5622708797454834
0.5590541362762451
0.5242519378662109
0.6072890758514404
0.6283919811248779
0.510977029800415
0.6008467674255371
0.5670268535614014
0.5515079498291016
0.5202360153198242
0.6040067672729492
0.6244151592254639
0.5133209228515625
0.6018507480621338
0.5158560276031494
0.5132269859313965
0.56050705909729
0.5679271221160889
0.5110599994659424
0.511962890625
0.5345747470855713
0.5987741947174072
0.6151010990142822
0.5134961605072021
0.5152239799499512
0.5088357925415039
0.5119078159332275
0.5600919723510742
0.566431999206543
0.5173859596252441
0.5602259635925293
0.5175068378448486
0.5188837051391602
0.5103638172149658
0.5234150886535645
0.5149550437927246
0.5632939338684082
0.5586178302764893
0.5131592750549316
0.5126490592956543
0.5281951427459717
0.5311789512634277
0.5144138336181641
0.5111618041992188
0.564532995223999
0.5127110481262207
0.5642969608306885
0.5078990459442139
0.5404520034790039
0.5223240852355957
0.5589208602905273
0.6187620162963867
0.5155360698699951
0.5187139511108398
0.560096025466919
0.5587210655212402
0.6058852672576904
0.6308343410491943
0.5726211071014404
0.5418891906738281
0.5107309818267822
0.5112581253051758
0.561406135559082
0.5112860202789307
0.5252721309661865
0.6849069595336914
0.5123910903930664
0.5628750324249268
0.5177011489868164
0.5366470813751221
0.6047561168670654
0.560009241104126
0.5105888843536377
0.5116548538208008
0.5206646919250488
0.512739896774292
0.5409972667694092
0.5179948806762695
0.6266539096832275
0.626572847366333
0.5130112171173096
0.5127251148223877
0.5110621452331543
0.5115690231323242
0.5905089378356934
0.6247861385345459
0.6141688823699951
0.6188170909881592
0.6126410961151123
0.5162649154663086
0.5592310428619385
0.5121569633483887
0.5637249946594238
0.5144209861755371
0.6240739822387695
0.5118119716644287
0.6012082099914551
0.5103309154510498
0.5134730339050293
0.6132478713989258
0.5096869468688965
0.6153600215911865
0.516556978225708
0.6268219947814941
0.6092967987060547
0.510282039642334
0.60719895362854
0.6105656623840332
0.5596911907196045
0.570289134979248
0.5139350891113281
0.6117041110992432
0.5104467868804932
0.6313381195068359
0.5118319988250732
0.6000609397888184
0.5987832546234131
0.6447441577911377
0.5915501117706299
0.5186607837677002
0.6150009632110596
0.6143450736999512
0.6148209571838379
0.614055871963501
0.5568161010742188
0.5110838413238525
0.5097410678863525
0.6164968013763428
0.5168969631195068
0.6009180545806885
0.6381592750549316
0.511218786239624
0.5114119052886963
0.5467739105224609
0.57631516456604
0.5125670433044434
0.6046841144561768
0.6120591163635254
0.5127489566802979
0.5087618827819824
0.5309579372406006
0.5553238391876221
0.5543968677520752
0.6108450889587402
0.5575661659240723
0.5730171203613281
0.6066570281982422
0.6173677444458008
0.5169100761413574
0.5108771324157715
0.5117361545562744
0.6158790588378906
0.5111181735992432
0.556483268737793
0.5665748119354248
0.5179080963134766
0.6143438816070557
0.5095510482788086
0.5622529983520508
0.5639626979827881
0.5230789184570312
0.5557577610015869
0.5111658573150635
0.5574042797088623
0.5113768577575684
0.6052289009094238
0.6485018730163574
0.592134952545166
0.6151111125946045
0.5143680572509766
0.5182719230651855
0.512974739074707
0.5934090614318848
0.6260368824005127
0.611591100692749
0.5288541316986084
0.5589001178741455
0.5529148578643799
0.510756254196167
0.6275980472564697
0.5105650424957275
0.5924422740936279
0.559002161026001
0.5699062347412109
0.6208882331848145
0.5556249618530273
0.5601749420166016
0.6482658386230469
0.5915908813476562
0.518674373626709
0.5153930187225342
0.6167171001434326
0.5106358528137207
0.6040539741516113
0.511868953704834
0.5235147476196289
0.6010439395904541
0.6150689125061035
0.627403974533081
0.5618319511413574
0.5560839176177979
0.5625200271606445
0.5123369693756104
0.5111417770385742
0.5597090721130371
0.5123379230499268
0.557762861251831
0.5104219913482666
0.5722670555114746
0.6115467548370361
0.5607988834381104
0.5573098659515381
0.5199899673461914
0.6330149173736572
0.5607390403747559
0.5496659278869629
0.5120220184326172
0.5119118690490723
0.5318038463592529
0.557532787322998
0.5096681118011475
0.5112450122833252
0.5632278919219971
0.505530834197998
0.621906042098999
0.5112619400024414
0.5917420387268066
0.5221681594848633
0.6154367923736572
0.5606400966644287
0.5121490955352783
0.5658748149871826
0.6129360198974609
0.6132478713989258
0.6039941310882568
0.5205328464508057
0.5142831802368164
0.6266708374023438
0.515434980392456
0.5839402675628662
0.5591459274291992
0.5606451034545898
0.5107302665710449
0.5105311870574951
0.5109269618988037
0.5604462623596191
0.5144999027252197
0.5243959426879883
0.5203588008880615
0.5127410888671875
0.5128419399261475
0.5538201332092285
0.56215500831604
0.5210440158843994
0.5136981010437012
0.5645630359649658
0.6095447540283203
0.5143187046051025
0.6090531349182129
0.5293979644775391
0.5630998611450195
0.5142412185668945
0.5101540088653564
0.5566520690917969
0.5106399059295654
0.5563538074493408
0.5099749565124512
0.5291492938995361
0.5101950168609619
0.5133790969848633
0.5116190910339355
0.5370569229125977
0.7338788509368896
0.7548761367797852
0.5628600120544434
0.5298769474029541
0.5999529361724854
0.6239597797393799
0.5122902393341064
0.6112909317016602
0.5240402221679688
0.5192849636077881
0.5213098526000977
0.5121262073516846
0.510922908782959
0.5156309604644775
0.5400049686431885
0.5527019500732422
0.5151500701904297
0.6146712303161621
0.611638069152832
0.5132548809051514
0.6045210361480713
0.6241841316223145
0.6137869358062744
0.5615861415863037
0.5122978687286377
0.5133931636810303
0.5167863368988037
0.5717320442199707
0.510404109954834
0.5123336315155029
0.5589911937713623
0.5468130111694336
0.5153799057006836
0.6350409984588623
0.5282490253448486
0.5986042022705078
0.6132831573486328
0.5134191513061523
0.5895559787750244
0.521446943283081
0.6290340423583984
0.5355181694030762
0.516024112701416
0.5709819793701172
0.5116188526153564
0.5119531154632568
0.5146260261535645
0.5590560436248779
0.5706009864807129
0.6093401908874512
0.5138978958129883
0.6161129474639893
0.5841600894927979
0.5598499774932861
0.556441068649292
0.5096046924591064
0.540165901184082
0.5609619617462158
0.517582893371582
0.5165300369262695
0.5593867301940918
0.5177757740020752
0.5851480960845947
0.5321547985076904
0.5241448879241943
0.6276309490203857
0.514721155166626
0.5111789703369141
0.6005640029907227
0.61273193359375
0.6130130290985107
0.5382232666015625
0.5108828544616699
0.5102729797363281
0.5906798839569092
0.6272027492523193
0.5106680393218994
0.5102550983428955
0.5219242572784424
0.511566162109375
0.5952548980712891
0.5617170333862305
0.5087521076202393
0.5715861320495605
0.6265130043029785
0.5180096626281738
0.511228084564209
0.5860176086425781
0.5107619762420654
0.6359081268310547
0.5108740329742432
0.5201811790466309
0.5971457958221436
0.5136392116546631
0.5135853290557861
0.5589461326599121
0.5136711597442627
0.5088832378387451
0.5261259078979492
0.5115249156951904
0.5153698921203613
0.5613691806793213
0.6007559299468994
0.6121628284454346
0.5090789794921875
0.606907844543457
0.5171759128570557
0.5093309879302979
0.5106360912322998
0.6372020244598389
0.5126340389251709
0.5137350559234619
0.5219237804412842
0.5800418853759766
0.6131410598754883
0.5147562026977539
0.6442050933837891
0.511693000793457
0.5593562126159668
0.5144410133361816
0.5337567329406738
0.5194282531738281
0.5876920223236084
0.5304780006408691
0.5142548084259033
0.5523819923400879
0.5148561000823975
0.5159728527069092
0.5097441673278809
0.5591940879821777
0.5256998538970947
0.5096960067749023
0.5090181827545166
0.5121619701385498
0.5883710384368896
0.5617139339447021
0.5603771209716797
0.5120010375976562
0.5566060543060303
0.5588147640228271
0.5530350208282471
0.50881028175354
0.5614259243011475
0.5208978652954102
0.5112168788909912
0.5596120357513428
0.5344202518463135
0.512444257736206
0.5881989002227783
0.5136828422546387
0.5582149028778076
0.5170729160308838
0.5126020908355713
0.5745837688446045
0.5122160911560059
0.5102810859680176
0.5123450756072998
0.5137250423431396
0.5380098819732666
0.5115039348602295
0.5127842426300049
0.6044621467590332
0.5115330219268799
0.60903000831604
0.5113410949707031
0.5569589138031006
0.5565052032470703
0.5115330219268799
0.6029009819030762
0.5109610557556152
0.6203129291534424
0.5201716423034668
0.6000399589538574
0.5274198055267334
0.5276479721069336
0.5103700160980225
0.5401079654693604
0.5695228576660156
0.5150730609893799
0.6009252071380615
0.5128941535949707
0.5227949619293213
0.6129059791564941
0.6166141033172607
0.6265559196472168
0.5663430690765381
0.5462801456451416
0.5142190456390381
0.6144168376922607
0.5166471004486084
0.6069259643554688
0.6167140007019043
