0.5181238651275635
0.5197339057922363
0.5969851016998291
0.509814977645874
0.5768346786499023
0.510552167892456
0.5217111110687256
0.5181629657745361
0.5368492603302002
0.5109760761260986
0.5321152210235596
0.5179457664489746
0.5428009033203125
0.5289096832275391
0.5126910209655762
0.514739990234375
0.5621819496154785
0.5132501125335693
0.5180370807647705
0.5136959552764893
0.5331149101257324
0.5265021324157715
0.5328822135925293
0.5129127502441406
0.5262629985809326
0.5254058837890625
0.5159029960632324
0.5592257976531982
0.5254757404327393
0.6009557247161865
0.6195647716522217
0.5160880088806152
0.513800859451294
0.5285298824310303
0.5154330730438232
0.5184798240661621
0.5383360385894775
0.5140938758850098
0.5213141441345215
0.5428168773651123
0.602398157119751
0.5259981155395508
0.5450460910797119
0.5199899673461914
0.5623972415924072
0.6131861209869385
0.62180495262146
0.5132319927215576
0.5123310089111328
0.5144550800323486
0.5228071212768555
0.5112409591674805
0.5298240184783936
0.5097849369049072
0.5127851963043213
0.5140092372894287
0.5295522212982178
0.5154919624328613
0.5122158527374268
0.512706995010376
0.5376071929931641
0.5134389400482178
0.5281007289886475
0.5279319286346436
0.5341520309448242
0.5311267375946045
0.5520739555358887
0.5163149833679199
0.6119258403778076
0.5187740325927734
0.6084499359130859
0.5157299041748047
0.5861170291900635
0.5444731712341309
0.5202901363372803
0.5147850513458252
0.5268440246582031
0.5187857151031494
0.5205020904541016
0.5162448883056641
0.5637307167053223
0.5209429264068604
0.5196008682250977
0.5142800807952881
0.523500919342041
0.52901291847229
0.5217809677124023
0.5598359107971191
0.6061968803405762
0.5203781127929688
0.5170490741729736
0.5206739902496338
0.5293257236480713
0.5152459144592285
0.5241737365722656
0.5121328830718994
0.5339260101318359
0.5461969375610352
0.5567710399627686
0.5727090835571289
0.5154948234558105
0.514611005783081
0.6042919158935547
0.6255850791931152
0.5126590728759766
0.5939128398895264
0.5644049644470215
0.5740039348602295
0.5177500247955322
0.5145909786224365
0.6007161140441895
0.9533319473266602
0.518625020980835
0.5170879364013672
0.5156269073486328
0.5361270904541016
0.5185847282409668
0.53802490234375
0.513124942779541
0.5295438766479492
0.5178661346435547
0.5150060653686523
0.514794111251831
0.5326132774353027
0.5162301063537598
0.5219721794128418
0.5171520709991455
0.5288589000701904
0.5147221088409424
0.5120759010314941
0.5182547569274902
0.5353488922119141
0.5863742828369141
0.5145578384399414
0.5155158042907715
0.517845869064331
0.6073100566864014
1.342428922653198
0.5132668018341064
0.5148401260375977
0.5134170055389404
0.5174672603607178
0.5216069221496582
0.530590295791626
0.5117878913879395
0.5416209697723389
0.5179052352905273
0.527677059173584
0.5843772888183594
0.523967981338501
0.5192470550537109
0.5941040515899658
0.6135990619659424
0.520150899887085
0.5723237991333008
0.5183727741241455
0.5131030082702637
0.5515241622924805
0.5148370265960693
0.5192029476165771
0.522454023361206
0.5175509452819824
0.5109038352966309
0.5252950191497803
0.5142168998718262
0.5167198181152344
0.5137588977813721
0.5143249034881592
0.513002872467041
0.5329720973968506
0.5537188053131104
0.6185741424560547
0.5793612003326416
0.5207381248474121
0.528918981552124
0.5178430080413818
0.5122432708740234
0.5306367874145508
0.5753908157348633
0.516150712966919
0.5321030616760254
0.514772891998291
0.5151333808898926
0.5178432464599609
0.518345832824707
0.5322909355163574
0.516618013381958
0.5202498435974121
0.512700080871582
0.53281569480896
0.5159709453582764
0.5389752388000488
0.5182149410247803
0.5271449089050293
0.5149118900299072
0.5172030925750732
0.5140180587768555
0.5323529243469238
0.5193049907684326
0.5184271335601807
0.5223479270935059
0.5334980487823486
0.5206480026245117
0.5143191814422607
0.5149879455566406
0.5553252696990967
0.5149219036102295
0.5492699146270752
0.5243289470672607
0.5995903015136719
0.6163349151611328
0.5287880897521973
0.5148561000823975
0.516014814376831
0.5149450302124023
0.5137708187103271
0.5116829872131348
0.5284368991851807
0.5136749744415283
0.514122724533081
0.5155880451202393
0.5273971557617188
0.5130281448364258
0.5234129428863525
0.5173490047454834
0.5377469062805176
0.5106513500213623
0.5184211730957031
0.5215280055999756
0.5282361507415771
0.5125858783721924
0.5316970348358154
0.5193850994110107
0.5253739356994629
0.5126070976257324
0.5189852714538574
0.5167977809906006
0.5264630317687988
0.6075530052185059
0.518610954284668
0.5162980556488037
0.5113930702209473
0.516577959060669
0.515117883682251
0.5132029056549072
0.5314240455627441
0.5224452018737793
0.5738162994384766
0.5218138694763184
0.5216391086578369
0.5237600803375244
0.5772240161895752
0.547713041305542
0.5208978652954102
0.5131220817565918
0.5228378772735596
0.5126831531524658
0.5343530178070068
0.5137608051300049
0.5354669094085693
0.5163192749023438
0.5286169052124023
0.516298770904541
0.5403609275817871
0.5197670459747314
0.541888952255249
0.513319730758667
0.5290110111236572
0.5242078304290771
0.5247108936309814
0.5164589881896973
0.5166730880737305
0.5204689502716064
0.5291399955749512
0.5166599750518799
0.5146570205688477
0.5194251537322998
0.5327608585357666
0.5203280448913574
0.5964260101318359
0.5233819484710693
0.5219070911407471
0.5162796974182129
0.5811111927032471
0.5683510303497314
0.515632152557373
0.5169510841369629
0.6125040054321289
0.5245211124420166
0.511932373046875
0.5113158226013184
0.5111269950866699
0.5334939956665039
0.5145711898803711
0.5118141174316406
0.5237691402435303
0.5386190414428711
0.5151748657226562
0.5705320835113525
0.6160666942596436
0.5161137580871582
0.613800048828125
0.615696907043457
0.517967939376831
0.514617919921875
0.595571756362915
0.6214230060577393
0.5155720710754395
0.5147409439086914
0.5138869285583496
0.5602030754089355
0.5136868953704834
0.5489270687103271
0.5205721855163574
0.6183500289916992
0.5135631561279297
0.5136840343475342
0.5159029960632324
0.5351901054382324
0.5153288841247559
0.529278039932251
0.5190672874450684
0.5142860412597656
0.5128939151763916
0.5262141227722168
0.5422756671905518
0.5221459865570068
0.512700080871582
0.5295820236206055
0.5120198726654053
0.513725996017456
0.5170612335205078
0.5366058349609375
0.515589714050293
0.5165748596191406
0.5159850120544434
0.5349941253662109
0.5137050151824951
0.5304970741271973
0.5852401256561279
0.6158628463745117
0.5161888599395752
0.6095008850097656
0.524651050567627
0.5102601051330566
0.5138580799102783
0.516395092010498
0.5156841278076172
0.5435750484466553
0.5105540752410889
0.5157561302185059
0.521064281463623
0.5321018695831299
0.5109672546386719
0.5178730487823486
0.5140581130981445
0.5263640880584717
0.518610954284668
0.517845869064331
0.5133490562438965
0.5256249904632568
0.5114700794219971
0.5161700248718262
0.5157601833343506
0.5322060585021973
0.5126888751983643
0.5249769687652588
0.5177407264709473
0.5357038974761963
0.5242187976837158
0.5099058151245117
0.5181241035461426
0.5452389717102051
0.5613138675689697
0.6131339073181152
0.5184860229492188
0.5178520679473877
0.5136690139770508
0.6022970676422119
0.5188102722167969
0.5184168815612793
0.5146138668060303
0.5754098892211914
0.5111560821533203
0.5210151672363281
0.5364620685577393
0.5133628845214844
0.5200867652893066
0.5456750392913818
0.5574767589569092
0.5153160095214844
0.5211048126220703
0.5136959552764893
0.5161139965057373
0.5176138877868652
0.5140960216522217
0.5484879016876221
0.5522480010986328
0.5167620182037354
0.612159013748169
0.5174808502197266
0.5277740955352783
0.5166809558868408
0.5886590480804443
0.522449254989624
0.5175549983978271
0.5134329795837402
0.555217981338501
0.5186519622802734
0.5139448642730713
0.5169339179992676
0.8146829605102539
0.5190279483795166
0.5362768173217773
0.5204348564147949
0.5145249366760254
0.5267081260681152
0.5927088260650635
0.5204269886016846
0.515002965927124
0.5098791122436523
0.519672155380249
0.5148999691009521
0.5172009468078613
0.5254731178283691
0.5175938606262207
0.5153541564941406
0.5110063552856445
0.5702221393585205
0.5132007598876953
0.5142052173614502
0.5122759342193604
0.5272958278656006
0.5165801048278809
0.5162818431854248
0.5153636932373047
0.530756950378418
0.5137999057769775
0.5126328468322754
0.5151398181915283
0.5294888019561768
0.6062438488006592
0.543633222579956
0.5188448429107666
0.6084771156311035
0.6199760437011719
0.5144870281219482
0.5152449607849121
0.5161378383636475
0.542402982711792
0.5202269554138184
0.5704829692840576
0.5127677917480469
0.5158138275146484
0.5148119926452637
0.5126807689666748
0.5277128219604492
0.5110411643981934
0.5144660472869873
0.5171480178833008
0.5295131206512451
0.5159702301025391
0.5136950016021729
0.5116031169891357
0.5430307388305664
0.5135729312896729
0.518104076385498
0.5152139663696289
0.5375797748565674
0.5152451992034912
0.5141608715057373
0.5109448432922363
0.5284950733184814
0.5310719013214111
0.546809196472168
0.5192279815673828
0.5121140480041504
0.517747163772583
0.5998830795288086
0.513286828994751
0.5165281295776367
0.5133190155029297
0.5144839286804199
0.601067066192627
0.5108449459075928
0.5579748153686523
0.5207309722900391
0.567180871963501
0.5161268711090088
0.5176260471343994
0.5140531063079834
0.5165529251098633
0.5224690437316895
0.5184488296508789
0.5202958583831787
0.5124738216400146
0.5401420593261719
0.5182409286499023
0.5146369934082031
0.5155458450317383
0.5336661338806152
0.5531978607177734
0.5242891311645508
0.515084981918335
0.517481803894043
0.5116181373596191
0.5445809364318848
0.5142650604248047
0.6097290515899658
0.520205020904541
0.5157008171081543
0.5252580642700195
0.5125529766082764
0.5320961475372314
0.5281901359558105
0.5179378986358643
0.6219148635864258
0.5270249843597412
0.5995571613311768
0.5146970748901367
0.5838079452514648
0.5162990093231201
0.5157921314239502
0.5414919853210449
0.5119869709014893
0.5299537181854248
0.5167961120605469
0.5160880088806152
0.5138499736785889
0.5311009883880615
0.5161089897155762
0.5222511291503906
0.5163331031799316
0.5341339111328125
0.5218188762664795
0.5110549926757812
0.5167930126190186
0.5312581062316895
0.5114350318908691
0.5819680690765381
0.6130580902099609
0.5189270973205566
0.6129031181335449
0.5172300338745117
0.5787041187286377
0.515038013458252
0.5381600856781006
0.6228652000427246
0.5126080513000488
0.5165548324584961
0.5155279636383057
0.5153050422668457
0.5114939212799072
0.5275619029998779
0.5161190032958984
0.5195519924163818
0.564213752746582
0.6244912147521973
0.517988920211792
0.5159239768981934
0.5244190692901611
0.5808351039886475
0.5890591144561768
0.5210361480712891
0.5483028888702393
0.5184361934661865
0.5138890743255615
0.5111548900604248
0.5226759910583496
0.5394330024719238
0.5183031558990479
0.5193150043487549
0.5200178623199463
0.5347299575805664
0.517164945602417
0.5180850028991699
0.5158500671386719
0.5327038764953613
0.5120682716369629
0.5124752521514893
0.5127229690551758
0.5293149948120117
0.5411598682403564
0.6286399364471436
0.5154740810394287
0.6111929416656494
0.5134530067443848
0.6183879375457764
0.5158069133758545
0.5150818824768066
0.5136880874633789
0.5152020454406738
0.5130598545074463
0.5406053066253662
0.5130460262298584
0.5108301639556885
0.5125119686126709
0.5368590354919434
0.5189740657806396
0.5148260593414307
0.5126416683197021
0.5268712043762207
0.5115618705749512
0.5201127529144287
0.5141141414642334
0.541694164276123
0.5140590667724609
0.5124590396881104
0.5137069225311279
0.5285139083862305
0.5227890014648438
0.5155038833618164
0.5203959941864014
0.5406501293182373
0.5970971584320068
0.6183528900146484
0.5200099945068359
0.6222810745239258
0.512869119644165
0.5155980587005615
0.5159957408905029
0.5485708713531494
0.5111641883850098
0.5124971866607666
0.5169479846954346
0.5301318168640137
0.5383281707763672
0.5155901908874512
0.5210731029510498
0.5272011756896973
0.517449140548706
0.5162050724029541
0.5127949714660645
0.5413761138916016
0.5157718658447266
0.5163400173187256
0.5115358829498291
0.5350210666656494
0.5169157981872559
0.5139200687408447
0.5169119834899902
0.526663064956665
0.5110299587249756
0.5187392234802246
0.5158720016479492
0.572659969329834
0.5106329917907715
0.5117189884185791
0.5944969654083252
0.5158729553222656
0.5175421237945557
0.5351369380950928
0.5137252807617188
0.5642619132995605
0.5150198936462402
0.5134561061859131
0.5164799690246582
0.52630615234375
0.5262048244476318
0.5149400234222412
0.5197088718414307
0.5341751575469971
0.581143856048584
0.5160739421844482
0.5092549324035645
0.5117959976196289
0.5106959342956543
0.5121409893035889
0.6146881580352783
0.5133659839630127
0.5179309844970703
0.5137369632720947
0.6055822372436523
0.5200440883636475
0.5341818332672119
0.5116469860076904
0.5676028728485107
0.5385868549346924
0.511789083480835
0.5183160305023193
0.5137271881103516
0.5273189544677734
0.51096510887146
0.5124549865722656
0.5130279064178467
1.512982130050659
0.5167069435119629
0.5267131328582764
0.5179803371429443
0.5390639305114746
0.5191938877105713
0.5134248733520508
0.5240628719329834
0.5323152542114258
0.5421590805053711
0.6073908805847168
0.6121199131011963
0.5215227603912354
0.5142459869384766
0.517413854598999
0.6075189113616943
0.5793509483337402
0.5215070247650146
0.5340261459350586
0.5177021026611328
0.5291998386383057
0.5150878429412842
0.5118579864501953
0.5206549167633057
0.5337591171264648
0.5183050632476807
0.5133411884307861
0.5423929691314697
0.5297892093658447
0.5134179592132568
0.5157568454742432
0.5296680927276611
0.5518698692321777
0.5369701385498047
0.6151621341705322
0.5179781913757324
0.5203571319580078
0.5191841125488281
0.600640058517456
0.5219011306762695
0.5101969242095947
0.5144660472869873
0.5333008766174316
0.5121159553527832
0.5284109115600586
0.5263669490814209
0.5147569179534912
0.5127129554748535
0.5268442630767822
0.5153422355651855
0.5215020179748535
0.5197939872741699
0.5309970378875732
0.516228199005127
0.5162928104400635
0.5776677131652832
0.6163120269775391
0.5664491653442383
0.5603289604187012
0.5209219455718994
0.5607509613037109
0.511577844619751
0.5545451641082764
0.5174849033355713
0.5243992805480957
0.5207679271697998
0.5177879333496094
0.5209789276123047
0.5349609851837158
0.5205593109130859
0.5134258270263672
0.5303642749786377
0.5857663154602051
0.5182647705078125
0.5228352546691895
0.5327188968658447
0.5261509418487549
0.5974042415618896
0.5200419425964355
0.628791093826294
0.5141727924346924
0.5145349502563477
0.5937349796295166
0.5146219730377197
0.5109739303588867
0.5154950618743896
0.514962911605835
0.5105679035186768
0.5317032337188721
0.5138230323791504
0.5152449607849121
0.5157721042633057
0.5336198806762695
0.5191071033477783
0.5128140449523926
0.5248172283172607
0.5451831817626953
0.5313770771026611
0.5146522521972656
0.5752320289611816
0.5126321315765381
0.5450620651245117
0.5645027160644531
0.5163631439208984
0.5204651355743408
0.5165419578552246
0.5166752338409424
0.5203697681427002
0.6087138652801514
0.5185580253601074
0.522752046585083
0.5168170928955078
0.5152928829193115
0.5116269588470459
0.5146310329437256
0.5188629627227783
0.537783145904541
0.5127091407775879
0.5254380702972412
0.5196199417114258
0.533146858215332
0.5254647731781006
0.5202560424804688
0.5198001861572266
0.5286309719085693
0.5183849334716797
0.5164749622344971
0.5131731033325195
0.5388579368591309
0.5270588397979736
0.5138728618621826
0.5220520496368408
0.5091168880462646
0.5154480934143066
0.5202000141143799
0.5283520221710205
0.5268123149871826
0.5115668773651123
0.5144529342651367
0.5334808826446533
0.6172149181365967
0.5870010852813721
0.5149550437927246
0.5109820365905762
0.526409387588501
0.5325441360473633
0.5112049579620361
0.530358076095581
0.5954890251159668
0.5130510330200195
0.5131480693817139
0.5166139602661133
0.5138721466064453
0.5128588676452637
0.5133607387542725
0.5939028263092041
0.5130720138549805
0.5126240253448486
0.5182540416717529
0.5270960330963135
0.5108890533447266
0.5139787197113037
0.5092759132385254
0.5377888679504395
0.513638973236084
0.5131349563598633
0.5651721954345703
0.5161898136138916
0.5125000476837158
0.5168776512145996
0.5139412879943848
0.5303249359130859
0.5098011493682861
0.5147151947021484
0.5165998935699463
0.5772590637207031
0.5140750408172607
0.5896880626678467
0.5273160934448242
0.5209188461303711
0.5155301094055176
0.5160410404205322
0.5151669979095459
0.5266907215118408
0.5156049728393555
0.5171148777008057
0.5115299224853516
0.5336318016052246
0.5137438774108887
0.5184099674224854
0.5190908908843994
0.5317449569702148
0.5179910659790039
0.512681245803833
0.5189828872680664
0.5352151393890381
0.5140080451965332
0.5175848007202148
0.58561110496521
0.5223112106323242
0.5990710258483887
0.5170080661773682
0.6236310005187988
0.5153088569641113
0.5231361389160156
0.5153989791870117
0.5767970085144043
0.5270130634307861
0.543748140335083
0.5144498348236084
0.5117700099945068
0.5205950736999512
0.514735221862793
0.570786714553833
0.514063835144043
0.512376070022583
0.5155067443847656
0.5141429901123047
0.5173578262329102
0.5315761566162109
0.5215861797332764
0.5176348686218262
0.5171079635620117
0.5472719669342041
0.5146150588989258
0.5143437385559082
0.5151340961456299
0.5336718559265137
0.51078200340271
0.5912520885467529
0.6098530292510986
0.5198972225189209
0.6151018142700195
0.5327720642089844
0.5177600383758545
0.5124952793121338
0.5199699401855469
0.5166499614715576
0.5102510452270508
0.5236892700195312
0.515092134475708
0.5154359340667725
0.5150108337402344
0.5351910591125488
0.5221190452575684
0.5207631587982178
0.5174798965454102
0.5296292304992676
0.5149688720703125
0.51239013671875
0.514704704284668
0.53131103515625
0.5135009288787842
0.516563892364502
0.5164468288421631
0.5308799743652344
0.5204160213470459
0.5133838653564453
0.5226430892944336
0.5388531684875488
0.5202510356903076
0.5155401229858398
0.5191609859466553
0.563546895980835
0.5165410041809082
0.6092038154602051
0.6116721630096436
0.5184741020202637
0.5507550239562988
0.5189471244812012
0.5126161575317383
0.5258278846740723
0.5210919380187988
0.51503586769104
0.5108039379119873
0.5338647365570068
0.5130419731140137
0.5115149021148682
0.5210597515106201
0.5417389869689941
0.5155231952667236
0.5186612606048584
0.5231020450592041
0.5340919494628906
0.5165200233459473
0.5137999057769775
0.5216789245605469
0.5326399803161621
0.5222549438476562
0.5133860111236572
0.51369309425354
0.5312860012054443
0.5150649547576904
0.5127449035644531
0.5169038772583008
0.529716968536377
0.5141501426696777
0.5138309001922607
0.5180830955505371
0.5488009452819824
0.5142781734466553
0.5935149192810059
0.5107240676879883
0.5453450679779053
0.5288722515106201
0.5145621299743652
0.5124919414520264
0.5288949012756348
0.51590895652771
0.517301082611084
0.5138912200927734
0.5401420593261719
0.518211841583252
0.5178229808807373
0.5130181312561035
