1.6124930381774902
0.621009111404419
0.508105993270874
0.5552737712860107
0.5131888389587402
0.5627670288085938
0.5544781684875488
0.5574440956115723
0.5514039993286133
0.5077099800109863
0.5970108509063721
0.5517439842224121
0.5506589412689209
0.5080890655517578
0.5541601181030273
0.5532701015472412
0.5046670436859131
0.5565078258514404
0.5029230117797852
0.5555939674377441
0.510911226272583
0.5791440010070801
0.5055630207061768
0.501676082611084
0.5112888813018799
0.58302903175354
0.5586738586425781
0.643301248550415
0.5575459003448486
0.5067181587219238
0.553178071975708
0.5115272998809814
0.5036721229553223
0.568519115447998
0.5005199909210205
0.5568151473999023
0.5027122497558594
0.5568208694458008
0.5063719749450684
0.5551087856292725
0.5114119052886963
0.5586791038513184
0.5039486885070801
0.5580317974090576
0.5102550983428955
0.5822658538818359
0.5575799942016602
0.5624208450317383
0.5081179141998291
0.6076858043670654
0.5031850337982178
0.5538129806518555
0.5509660243988037
0.5531749725341797
0.5525598526000977
0.505852222442627
0.5164370536804199
0.5053360462188721
0.5537049770355225
0.5647978782653809
0.5549628734588623
0.6037898063659668
0.558743953704834
0.5688021183013916
0.5688579082489014
0.5096709728240967
0.5024521350860596
0.5321090221405029
0.5079758167266846
0.5038928985595703
0.5620636940002441
0.5566310882568359
0.5702471733093262
0.5575668811798096
0.5026068687438965
0.5038316249847412
0.5544261932373047
0.510138750076294
0.556351900100708
0.5512456893920898
0.5732219219207764
0.5023889541625977
0.5112121105194092
0.6286017894744873
0.5068747997283936
0.502877950668335
0.5507020950317383
0.5562839508056641
0.5044271945953369
0.5026428699493408
0.5543291568756104
0.5484652519226074
0.5137519836425781
0.6199729442596436
0.5566768646240234
0.5835762023925781
0.509854793548584
0.5537877082824707
0.5066549777984619
0.5298559665679932
0.5053520202636719
0.5080702304840088
0.5563151836395264
0.5323178768157959
0.5127711296081543
0.5052659511566162
0.5050840377807617
0.5799798965454102
0.658531904220581
0.5038270950317383
0.5026748180389404
0.5014498233795166
0.5010411739349365
0.5079360008239746
0.558743953704834
0.5548522472381592
0.5549798011779785
0.5022249221801758
0.5591790676116943
0.5787158012390137
0.6218881607055664
0.501115083694458
0.5014748573303223
0.5100338459014893
0.551943302154541
0.503136157989502
0.557034969329834
0.5071830749511719
0.5099961757659912
0.5146849155426025
0.5526659488677979
0.5025150775909424
0.5551910400390625
0.5051741600036621
0.5055458545684814
0.5485539436340332
0.5559229850769043
0.571904182434082
0.5015790462493896
0.5222699642181396
0.5049753189086914
0.5266330242156982
0.5120189189910889
0.5511457920074463
0.5077004432678223
0.5626330375671387
0.550818681716919
0.5006048679351807
0.5006370544433594
0.5580189228057861
0.5605440139770508
0.6187169551849365
0.5070850849151611
0.5100271701812744
0.5525331497192383
0.5077261924743652
0.5025663375854492
0.5433926582336426
0.5710999965667725
0.5062720775604248
0.5001919269561768
0.5505690574645996
0.502936840057373
0.5020809173583984
0.5564260482788086
0.5547618865966797
0.5560011863708496
0.5062179565429688
0.5507919788360596
0.5538029670715332
0.5028982162475586
0.5044190883636475
0.5124869346618652
0.532468318939209
0.5524680614471436
0.5633370876312256
0.5541918277740479
0.5042719841003418
0.5527408123016357
0.5024490356445312
0.5019521713256836
0.5614259243011475
0.5358238220214844
0.5059812068939209
0.5207550525665283
0.5266790390014648
0.5046179294586182
0.5515539646148682
0.5180180072784424
0.5283589363098145
0.5528149604797363
0.5568850040435791
0.5543570518493652
0.5561740398406982
0.504784107208252
0.511958122253418
0.5538971424102783
0.5606319904327393
0.5574350357055664
0.5058410167694092
0.562934160232544
0.6303229331970215
0.5024380683898926
0.5054750442504883
0.5554118156433105
0.5285367965698242
0.5423932075500488
0.549915075302124
0.6016330718994141
0.5544402599334717
0.5757250785827637
0.5499939918518066
0.571681022644043
0.508141040802002
0.5941917896270752
0.5537147521972656
0.504429817199707
0.5038137435913086
0.5060601234436035
0.5560550689697266
0.5047380924224854
0.5845270156860352
0.5089638233184814
0.5511412620544434
0.5029640197753906
0.5533902645111084
0.5035378932952881
0.5544009208679199
0.5501329898834229
0.5713610649108887
0.5516300201416016
0.5549969673156738
0.5106291770935059
0.553861141204834
0.5013852119445801
0.5545439720153809
0.5072219371795654
0.5565707683563232
0.6026649475097656
0.5013120174407959
0.5600318908691406
0.5848052501678467
0.5304629802703857
0.5974080562591553
0.5091118812561035
0.6355419158935547
0.5066280364990234
0.6041150093078613
0.598106861114502
0.5099978446960449
0.5265171527862549
0.5040779113769531
0.5580101013183594
0.5233800411224365
0.5858712196350098
0.5061948299407959
0.5060982704162598
0.5282092094421387
0.5751960277557373
0.5522470474243164
0.6013193130493164
0.6002228260040283
0.563187837600708
0.5736377239227295
0.7027010917663574
0.5026702880859375
0.50229811668396
0.5010910034179688
0.5048940181732178
0.5634510517120361
0.513131856918335
0.5103449821472168
0.5053689479827881
0.5463559627532959
0.5025420188903809
0.5517759323120117
0.502650260925293
0.5348331928253174
0.5525209903717041
0.5002238750457764
0.5517199039459229
0.5097782611846924
0.5033369064331055
0.5508697032928467
0.502758264541626
0.5278279781341553
0.5511541366577148
0.5061850547790527
0.552584171295166
0.8245072364807129
0.5081391334533691
0.5559520721435547
0.5070400238037109
0.5583767890930176
0.5623311996459961
0.563666820526123
0.5039212703704834
0.5188241004943848
0.5566678047180176
0.558056116104126
0.5035810470581055
0.5218911170959473
0.6100142002105713
0.5038001537322998
0.505979061126709
0.5047056674957275
0.5637607574462891
0.5032520294189453
0.5057179927825928
0.5522060394287109
0.5044400691986084
0.5214338302612305
0.5628058910369873
0.525017261505127
0.5053009986877441
0.503216028213501
0.501727819442749
0.5509240627288818
0.5028560161590576
0.5041310787200928
0.5505328178405762
0.5266668796539307
0.5013530254364014
0.5523462295532227
0.502112865447998
0.559838056564331
0.5713291168212891
0.5045278072357178
0.5132250785827637
0.5545568466186523
0.5068001747131348
0.5071291923522949
0.5429539680480957
0.5578312873840332
0.502269983291626
0.5070319175720215
0.5040981769561768
0.5382599830627441
0.504040002822876
0.5108270645141602
0.5577390193939209
0.5262689590454102
0.5020089149475098
0.548659086227417
0.5519633293151855
0.5531818866729736
0.5309982299804688
0.5511801242828369
0.5092620849609375
0.5521538257598877
0.5056040287017822
1.006324291229248
0.5113527774810791
0.5591931343078613
0.5549159049987793
0.5052142143249512
0.5106151103973389
0.5048990249633789
0.5424239635467529
0.5029129981994629
0.5529451370239258
0.5507159233093262
0.5120320320129395
0.5083351135253906
0.49978208541870117
0.5070631504058838
0.5405142307281494
0.5099411010742188
0.5016860961914062
0.5075638294219971
0.535546064376831
0.55405592918396
0.5171487331390381
0.5559148788452148
0.551365852355957
0.5058481693267822
0.5056018829345703
0.5794417858123779
0.5259671211242676
0.5831801891326904
0.5113930702209473
0.5520799160003662
0.5577170848846436
0.5101611614227295
0.6912329196929932
0.5475559234619141
0.5190808773040771
0.5008668899536133
0.5534231662750244
0.5751821994781494
0.5468606948852539
0.5526978969573975
0.5042948722839355
0.5568392276763916
0.5398950576782227
0.5603959560394287
0.5547070503234863
0.6093490123748779
0.511394739151001
0.5583500862121582
0.5505540370941162
0.5088498592376709
0.557147741317749
0.5535562038421631
0.5540661811828613
0.5011818408966064
0.551476001739502
0.5022251605987549
0.5561857223510742
0.5052688121795654
0.5571551322937012
0.5545921325683594
0.5099921226501465
0.5527596473693848
0.5515189170837402
0.5075678825378418
0.5061259269714355
0.5111839771270752
0.5883831977844238
0.5119619369506836
0.5005128383636475
0.5528538227081299
0.559018611907959
0.5586938858032227
0.5519921779632568
0.5521719455718994
0.5093529224395752
0.5041279792785645
0.550940990447998
0.5516810417175293
0.5128247737884521
0.50653076171875
0.5091142654418945
0.5081100463867188
0.5802187919616699
0.5525689125061035
0.5572302341461182
0.5558500289916992
0.5546879768371582
0.5647401809692383
0.504798173904419
0.502263069152832
0.5392129421234131
0.5597999095916748
0.5628340244293213
0.5509219169616699
0.5560142993927002
0.5554299354553223
0.5577750205993652
0.5020921230316162
0.5126850605010986
0.6001448631286621
0.5517828464508057
0.5046508312225342
0.5037517547607422
0.5059127807617188
0.5592482089996338
0.5686337947845459
0.5523471832275391
0.5201320648193359
0.5518012046813965
0.5550379753112793
0.5046811103820801
0.5025718212127686
0.5548110008239746
0.5549068450927734
0.5063860416412354
0.5064759254455566
0.5646541118621826
0.5066702365875244
0.5293371677398682
0.508476972579956
0.506659984588623
0.5604197978973389
0.5441610813140869
0.5046639442443848
0.5054788589477539
0.5074949264526367
0.5419931411743164
0.5517733097076416
0.5094950199127197
0.5110459327697754
0.5274920463562012
0.5548207759857178
0.5545730590820312
0.5045461654663086
0.5095751285552979
0.5073590278625488
0.5040929317474365
0.5073611736297607
0.5755512714385986
0.5129280090332031
0.7087631225585938
0.5505163669586182
0.509303092956543
0.5552303791046143
0.517704963684082
0.5072445869445801
0.5304179191589355
0.5533838272094727
0.5066571235656738
0.5033001899719238
0.5607728958129883
0.5566000938415527
0.564446210861206
0.5076830387115479
0.5084900856018066
0.5050580501556396
0.5537903308868408
0.5082433223724365
0.5530321598052979
0.5096359252929688
0.5055599212646484
0.5527758598327637
0.5293810367584229
0.5582590103149414
0.506267786026001
0.5550441741943359
0.5078079700469971
0.5529279708862305
0.5049891471862793
0.5100071430206299
0.5523180961608887
0.5542120933532715
0.5027551651000977
0.505702018737793
0.560603141784668
0.5587656497955322
0.5528218746185303
0.5513899326324463
0.5989959239959717
0.5059621334075928
0.5372459888458252
0.5917198657989502
0.5166511535644531
0.5140678882598877
0.5577490329742432
0.5589561462402344
0.6131439208984375
0.5115780830383301
0.5552091598510742
0.5745396614074707
0.6023640632629395
0.5114061832427979
0.6020309925079346
0.5535202026367188
0.5069010257720947
0.5604360103607178
0.7455308437347412
0.5041720867156982
0.508263111114502
0.506864070892334
0.5236318111419678
0.6286978721618652
0.5069491863250732
0.5501718521118164
0.5590329170227051
0.6519818305969238
0.5890810489654541
0.5523290634155273
0.5073769092559814
0.55385422706604
0.5568182468414307
0.5550260543823242
0.5024619102478027
0.5073599815368652
0.529273271560669
0.5006420612335205
0.5068910121917725
0.506281852722168
0.5499389171600342
0.500391960144043
0.5019230842590332
0.5053291320800781
0.5027279853820801
0.5040099620819092
0.5047218799591064
0.5067050457000732
0.5754339694976807
0.5597031116485596
0.5042791366577148
0.569572925567627
0.5429592132568359
0.5282080173492432
0.6249082088470459
0.5031590461730957
0.5592520236968994
0.5759057998657227
0.5027570724487305
0.5101759433746338
0.5522720813751221
0.5047359466552734
0.5059850215911865
0.5558798313140869
0.5150289535522461
0.5036580562591553
0.559906005859375
0.5555419921875
0.5560688972473145
0.5042011737823486
0.55607008934021
0.5697968006134033
0.6137468814849854
0.5086958408355713
0.5139429569244385
0.505112886428833
0.577794075012207
0.506432056427002
0.6218221187591553
0.5058422088623047
0.5571558475494385
0.5039858818054199
0.504432201385498
0.5899257659912109
0.547537088394165
0.554326057434082
0.5047318935394287
0.504148006439209
0.5185132026672363
0.6191399097442627
0.5548489093780518
0.6427991390228271
0.625816822052002
0.5058622360229492
0.5555648803710938
0.5550801753997803
0.6362409591674805
0.5523388385772705
0.5831539630889893
0.6035511493682861
0.5573701858520508
0.556398868560791
0.6027579307556152
0.5021240711212158
0.5478911399841309
0.5043210983276367
0.5059511661529541
0.5494308471679688
0.5570681095123291
0.5211818218231201
0.5535931587219238
0.5567350387573242
0.5347762107849121
0.5197670459747314
0.5500850677490234
0.5566537380218506
0.509688138961792
0.5299370288848877
0.6281979084014893
0.5067520141601562
0.5080680847167969
0.5537059307098389
0.5794510841369629
0.5107378959655762
0.5579431056976318
0.506324291229248
0.5548820495605469
0.5886459350585938
0.5555269718170166
0.6178648471832275
0.5096578598022461
0.503899097442627
0.49924612045288086
0.5058701038360596
0.5568058490753174
0.5085859298706055
0.5552771091461182
0.5022368431091309
0.5582311153411865
0.5032219886779785
0.5565040111541748
0.5070688724517822
0.5672869682312012
0.5574603080749512
0.5523130893707275
0.5051960945129395
0.5071399211883545
0.5011088848114014
0.5344328880310059
0.5018858909606934
0.5100140571594238
0.5043108463287354
0.5516598224639893
0.5570821762084961
0.5039680004119873
0.5563209056854248
0.5561673641204834
0.5537998676300049
0.5676946640014648
0.7498331069946289
0.5553569793701172
0.5036721229553223
0.507587194442749
0.5533032417297363
0.5920929908752441
0.5525472164154053
0.5120298862457275
0.5054411888122559
0.5745453834533691
0.5055229663848877
0.5077121257781982
0.504256010055542
0.548900842666626
0.5052971839904785
0.5177552700042725
0.5576658248901367
0.552375078201294
0.5028889179229736
0.556074857711792
0.589669942855835
0.5549919605255127
0.5011777877807617
0.5563979148864746
0.5068380832672119
0.5340206623077393
0.5594079494476318
0.5047249794006348
0.5155630111694336
0.524420976638794
0.5374610424041748
0.6585988998413086
0.5570330619812012
0.5406320095062256
0.502126932144165
0.5536229610443115
0.5506439208984375
0.5615849494934082
0.512977123260498
0.5575230121612549
0.5639498233795166
0.5553221702575684
0.5842671394348145
0.5020058155059814
0.5525679588317871
0.5624120235443115
0.6250371932983398
0.5988459587097168
0.5501518249511719
0.6020848751068115
0.6183609962463379
0.6127619743347168
0.6130011081695557
0.5064430236816406
0.5563919544219971
0.5481851100921631
0.5508999824523926
0.5026214122772217
0.5581808090209961
0.5608971118927002
0.5027310848236084
0.5541222095489502
0.5060899257659912
0.5022792816162109
0.5112447738647461
0.5537941455841064
0.5591471195220947
0.5501019954681396
0.5039463043212891
0.5496211051940918
0.5045928955078125
0.5092000961303711
0.5094130039215088
0.5321023464202881
0.554527997970581
0.6031489372253418
0.5043761730194092
0.6148660182952881
0.5030238628387451
0.5093379020690918
0.5045087337493896
0.5648272037506104
0.57076096534729
0.5148279666900635
0.6003978252410889
0.5224428176879883
0.5554423332214355
0.505836009979248
0.5027801990509033
0.5243568420410156
0.5542199611663818
0.5041749477386475
0.5026369094848633
0.5729427337646484
0.5615439414978027
0.5406739711761475
0.5067229270935059
0.5019159317016602
0.5066840648651123
0.5045151710510254
0.503715991973877
0.581840991973877
0.5511562824249268
0.5066850185394287
0.5008299350738525
0.575916051864624
0.5106542110443115
0.5069849491119385
0.5060269832611084
0.5368146896362305
0.5514559745788574
0.5663309097290039
0.5060431957244873
0.5088238716125488
0.5529060363769531
0.5144670009613037
0.5604457855224609
0.6235251426696777
0.591663122177124
0.5557940006256104
0.5931100845336914
0.5062119960784912
0.503450870513916
0.549191951751709
0.5129420757293701
0.5503389835357666
0.5062017440795898
0.5582499504089355
0.5057742595672607
0.5277681350708008
0.503986120223999
0.5531892776489258
0.5562460422515869
0.5569078922271729
0.554469108581543
0.5057389736175537
0.5546259880065918
0.5552959442138672
0.5029520988464355
0.5080358982086182
0.5533640384674072
0.5563991069793701
0.5046560764312744
0.5070669651031494
0.5056700706481934
0.5380620956420898
0.5562710762023926
0.5002238750457764
0.5548059940338135
0.5559511184692383
0.5033950805664062
0.5048661231994629
0.5541980266571045
0.6130321025848389
0.5215957164764404
0.5079019069671631
0.504457950592041
0.5692439079284668
0.5043797492980957
0.5080740451812744
0.5597848892211914
0.5453958511352539
0.5130999088287354
0.5018911361694336
0.5088250637054443
0.5991952419281006
0.5563631057739258
0.5089759826660156
0.5802810192108154
0.599524974822998
0.503350019454956
0.5553200244903564
0.5079309940338135
0.5526936054229736
0.5544881820678711
0.5099959373474121
0.5069141387939453
0.5510742664337158
0.5602967739105225
0.5368590354919434
0.5060710906982422
0.5502619743347168
0.5058679580688477
0.5124008655548096
0.5067546367645264
0.5047821998596191
0.599564790725708
0.5572230815887451
0.6066129207611084
0.551854133605957
0.5042533874511719
0.5555298328399658
0.5095031261444092
0.5544378757476807
0.555866003036499
0.5556132793426514
0.5072059631347656
0.5054340362548828
0.5033478736877441
0.5834438800811768
0.5129921436309814
0.5601770877838135
0.5543067455291748
0.5060667991638184
0.5524849891662598
0.5516600608825684
0.5119798183441162
0.5565211772918701
0.5081517696380615
0.5041279792785645
0.5204110145568848
0.5418009757995605
0.5567059516906738
0.5018489360809326
0.5076029300689697
0.5290422439575195
0.5022668838500977
0.5092079639434814
0.5044968128204346
0.5393490791320801
0.5516390800476074
0.5568487644195557
0.5618488788604736
0.5071220397949219
0.5025029182434082
0.5582921504974365
0.5051212310791016
0.6083598136901855
0.5061578750610352
0.5520918369293213
0.5063180923461914
0.55318284034729
0.5040457248687744
0.5040700435638428
0.5533599853515625
0.5243291854858398
0.5054631233215332
0.5151858329772949
0.6128520965576172
0.5062730312347412
0.5062980651855469
0.5090608596801758
0.5059442520141602
0.5815198421478271
0.5032410621643066
0.5046830177307129
0.5040779113769531
0.5773518085479736
0.5854871273040771
0.5033407211303711
0.5044128894805908
0.5187370777130127
0.5134389400482178
0.5577208995819092
0.5109171867370605
0.5772829055786133
0.5071830749511719
0.5067822933197021
0.5099191665649414
0.5943019390106201
0.5564630031585693
0.5301370620727539
0.5075650215148926
0.5561630725860596
0.553123950958252
0.5525670051574707
0.5551490783691406
0.5125150680541992
0.5623447895050049
0.560776948928833
0.502018928527832
0.5076582431793213
0.5699601173400879
0.5521478652954102
0.5027050971984863
0.5093259811401367
0.5517411231994629
0.5579550266265869
0.5067167282104492
0.5549361705780029
0.5011732578277588
0.5513401031494141
0.5117440223693848
0.5242760181427002
0.5104742050170898
0.5330231189727783
0.5040357112884521
0.5294570922851562
0.5049960613250732
0.5146160125732422
0.5068910121917725
0.5817170143127441
0.5550968647003174
0.5530097484588623
0.5590908527374268
0.5526621341705322
0.505378246307373
0.5140500068664551
0.5688807964324951
0.5547478199005127
0.5564489364624023
0.506005048751831
0.535322904586792
0.5180211067199707
0.555279016494751
0.5083580017089844
0.5568723678588867
0.5061907768249512
0.5389139652252197
0.5510590076446533
0.5359532833099365
