1.3685321807861328
0.5051262378692627
0.5554618835449219
0.5048508644104004
0.5552146434783936
0.49961113929748535
0.50996994972229
0.5781989097595215
0.5223698616027832
0.6236791610717773
0.6057291030883789
0.5023038387298584
0.5593910217285156
0.5071558952331543
0.556952953338623
0.5040321350097656
0.5271389484405518
0.5525028705596924
0.5060467720031738
0.5510001182556152
0.5603678226470947
0.6258878707885742
0.5099499225616455
0.5536859035491943
0.504615068435669
0.5032241344451904
0.5518813133239746
0.498790979385376
0.5301430225372314
0.5029330253601074
0.5558550357818604
0.504798173904419
0.5284757614135742
0.5603652000427246
0.506812334060669
0.5601999759674072
0.5102427005767822
0.5502429008483887
0.5077297687530518
0.5546050071716309
0.5024209022521973
0.5497579574584961
0.5122969150543213
0.5549077987670898
0.5160341262817383
0.504565954208374
0.5046951770782471
0.5008580684661865
0.5306310653686523
0.5529429912567139
0.5037181377410889
0.5152587890625
0.5258541107177734
0.5056459903717041
0.5497610569000244
0.5056109428405762
0.5365679264068604
0.5084810256958008
0.553513765335083
0.5021579265594482
0.5648188591003418
0.5520880222320557
0.5096099376678467
0.506030797958374
0.5311529636383057
0.5494110584259033
0.5569820404052734
0.5068140029907227
0.5600979328155518
0.554800271987915
0.5047647953033447
0.5528292655944824
0.5047729015350342
0.5008392333984375
0.5072169303894043
0.5044541358947754
0.5339488983154297
0.5101439952850342
0.5074970722198486
0.5025849342346191
0.5416378974914551
0.5062291622161865
0.6584508419036865
0.5538351535797119
0.6704220771789551
0.6035401821136475
0.509040117263794
0.6070201396942139
0.5177919864654541
0.6036639213562012
0.501335859298706
0.5014309883117676
0.5535218715667725
0.6187777519226074
0.599890947341919
0.5094459056854248
0.6156322956085205
0.6146659851074219
0.5983350276947021
0.5553359985351562
0.5020389556884766
0.5648598670959473
0.5045428276062012
0.6611690521240234
0.502471923828125
0.5155482292175293
0.5074038505554199
0.6936531066894531
0.5482261180877686
0.6866569519042969
0.5058376789093018
0.5082581043243408
0.5579969882965088
0.6187012195587158
0.5519070625305176
0.5552549362182617
0.507023811340332
0.5042209625244141
0.5022709369659424
0.554945707321167
0.5350010395050049
0.5023097991943359
0.505450963973999
0.5020270347595215
0.5863146781921387
0.6085491180419922
0.5038020610809326
0.5190908908843994
0.530797004699707
0.5543889999389648
0.5092942714691162
0.5802030563354492
0.6147761344909668
0.517951250076294
0.7087032794952393
0.5516488552093506
0.5760087966918945
0.5919919013977051
0.5005710124969482
0.5347590446472168
0.5634620189666748
0.5592398643493652
0.5585999488830566
0.5534331798553467
0.5290307998657227
0.6243600845336914
0.6062881946563721
0.5213470458984375
0.6193208694458008
0.5082979202270508
0.5072131156921387
0.5032699108123779
0.5318830013275146
0.5022909641265869
0.62813401222229
0.5901532173156738
0.5621838569641113
0.5085203647613525
0.5546140670776367
0.5025017261505127
0.5669078826904297
0.5991549491882324
0.5123331546783447
0.5058717727661133
0.5059001445770264
0.6113040447235107
0.6233241558074951
0.5484108924865723
0.5011329650878906
0.5060229301452637
0.5548248291015625
0.510936975479126
0.5447311401367188
0.5094649791717529
0.6251239776611328
0.5052611827850342
0.6007101535797119
0.522346019744873
0.5086052417755127
0.6180830001831055
0.5529558658599854
0.5787839889526367
0.5538442134857178
0.5116369724273682
0.5411059856414795
0.5765008926391602
0.552440881729126
0.5000970363616943
0.5576109886169434
0.5171611309051514
0.5026061534881592
0.5303900241851807
0.5279207229614258
0.5783600807189941
0.5084900856018066
0.5404880046844482
0.5563318729400635
0.5044870376586914
0.5062389373779297
0.559114933013916
0.5068972110748291
0.554419994354248
0.513052225112915
0.5517401695251465
0.5043268203735352
0.5096988677978516
0.5777621269226074
0.548785924911499
0.558236837387085
0.503878116607666
0.5232577323913574
0.5314741134643555
0.5028121471405029
0.5552937984466553
0.5114161968231201
0.5898959636688232
0.5041298866271973
0.6069819927215576
0.6295912265777588
0.5876278877258301
0.5221543312072754
0.5849919319152832
0.5568890571594238
0.5002648830413818
0.5120770931243896
0.5073020458221436
0.6152167320251465
0.507957935333252
0.6038310527801514
0.49928998947143555
0.5514559745788574
0.504370927810669
0.5081498622894287
0.5527710914611816
0.536592960357666
0.5495500564575195
0.545515775680542
0.5476276874542236
0.5031969547271729
0.5212688446044922
0.55489182472229
0.5936558246612549
0.5051860809326172
0.5312058925628662
0.5584940910339355
0.5071060657501221
0.5084230899810791
0.5723776817321777
0.6324317455291748
0.5141277313232422
0.5557529926300049
0.5113930702209473
0.5518548488616943
0.5113058090209961
0.5044810771942139
0.5337588787078857
0.5050499439239502
0.5512180328369141
0.5073683261871338
0.6107821464538574
0.6286520957946777
0.6237750053405762
0.5041148662567139
0.5521557331085205
0.5813791751861572
0.557349681854248
0.5459489822387695
0.5071539878845215
0.5011680126190186
0.5528481006622314
0.5017399787902832
0.5241708755493164
0.5011301040649414
0.514477014541626
0.5244259834289551
0.6057169437408447
0.5563879013061523
0.5054371356964111
0.5520868301391602
0.6199610233306885
0.5519039630889893
0.5028660297393799
0.502202033996582
0.5686988830566406
0.508551836013794
0.559467077255249
0.5781779289245605
0.5022850036621094
0.5088980197906494
0.5064959526062012
0.5063827037811279
0.52805495262146
0.5062122344970703
0.568922758102417
0.5971488952636719
0.5555112361907959
0.5022358894348145
0.5015201568603516
0.501542329788208
0.5534670352935791
0.6791150569915771
0.504565954208374
0.5014567375183105
0.5052218437194824
0.6003031730651855
0.5479311943054199
0.5489099025726318
0.5757930278778076
0.4989330768585205
0.503075122833252
0.5716421604156494
0.5645570755004883
0.555696964263916
0.5702457427978516
0.5123922824859619
0.5544557571411133
0.5572619438171387
0.5294311046600342
0.5178189277648926
0.5508899688720703
0.503309965133667
0.5024809837341309
0.5062141418457031
0.5814881324768066
0.5533950328826904
0.502526044845581
0.5574228763580322
0.5370910167694092
0.5518438816070557
0.5012669563293457
0.503636360168457
0.5251100063323975
0.5051267147064209
0.5806229114532471
0.5079970359802246
0.556830883026123
0.5511221885681152
0.5509121417999268
0.5007660388946533
0.5576460361480713
0.5902431011199951
0.5587198734283447
0.5633268356323242
0.603928804397583
0.5109648704528809
0.51344895362854
0.5137670040130615
0.5313730239868164
0.5142190456390381
0.5023128986358643
0.5620741844177246
0.5237197875976562
0.554041862487793
0.6040282249450684
0.5047061443328857
0.6240799427032471
0.6162607669830322
0.5139987468719482
0.6022419929504395
0.5063581466674805
0.5035848617553711
0.517941951751709
0.5189099311828613
0.532034158706665
0.5096781253814697
0.5566360950469971
0.5056362152099609
0.5574800968170166
0.6161520481109619
0.6248538494110107
0.5124948024749756
0.5108270645141602
0.5558288097381592
0.5085928440093994
0.5753848552703857
0.5870242118835449
0.5263810157775879
0.5474040508270264
0.5036020278930664
0.5987458229064941
0.5043079853057861
0.5594203472137451
0.5028150081634521
0.5322890281677246
0.5531892776489258
0.5531105995178223
0.5094988346099854
0.5074453353881836
0.5548868179321289
0.5559442043304443
0.5596799850463867
0.500988245010376
0.508399248123169
0.5539247989654541
0.5580801963806152
0.5073122978210449
0.5008368492126465
0.5030238628387451
0.5283787250518799
0.5019998550415039
0.554638147354126
0.5478088855743408
0.5073788166046143
0.5021603107452393
0.549940824508667
0.5010459423065186
0.5676400661468506
0.5046858787536621
0.507429838180542
0.5536119937896729
0.5228891372680664
0.5524191856384277
0.5069067478179932
0.5035481452941895
0.5531468391418457
0.5473699569702148
0.5039761066436768
0.5540671348571777
0.5043549537658691
0.5055639743804932
0.5731630325317383
0.5627970695495605
0.5652289390563965
0.549368143081665
0.5567231178283691
0.5555148124694824
0.5647010803222656
0.6502399444580078
0.5671050548553467
0.5281448364257812
0.5004370212554932
0.5025482177734375
0.5797390937805176
0.504061222076416
0.550184965133667
0.560481071472168
0.5026431083679199
0.5407099723815918
0.7302501201629639
0.5588228702545166
0.5513007640838623
0.51078200340271
0.5565168857574463
0.6301188468933105
0.6469430923461914
0.5506751537322998
0.5578949451446533
0.5062041282653809
0.5136198997497559
0.5184121131896973
0.5440361499786377
0.5552518367767334
0.553239107131958
0.5082988739013672
0.5027658939361572
0.5030562877655029
0.5500800609588623
0.5028579235076904
0.5284452438354492
0.5051479339599609
0.5004768371582031
0.5502879619598389
0.5537259578704834
0.5005629062652588
0.5527410507202148
0.5161988735198975
0.5400600433349609
0.5486798286437988
0.6311328411102295
0.503788948059082
0.6200840473175049
0.5105111598968506
0.5013918876647949
0.5022797584533691
0.5810458660125732
0.501755952835083
0.5057170391082764
0.582831859588623
0.5208530426025391
0.5163331031799316
0.5523362159729004
0.5388631820678711
0.5454959869384766
0.5504260063171387
0.5045390129089355
0.5053679943084717
0.5547559261322021
0.5552971363067627
0.50553297996521
0.5058989524841309
0.5316879749298096
0.5042300224304199
0.49899888038635254
0.5044021606445312
0.5812222957611084
0.5580911636352539
0.6056199073791504
0.5522730350494385
0.5019769668579102
0.5035979747772217
0.5545628070831299
0.5053932666778564
0.5565061569213867
0.5032970905303955
0.5140907764434814
0.5542829036712646
0.524921178817749
0.502086877822876
0.5510778427124023
0.5008928775787354
0.528080940246582
0.5544321537017822
0.5517210960388184
0.5022909641265869
0.5121679306030273
0.5538232326507568
0.55078125
0.5512919425964355
0.502112865447998
0.5567460060119629
0.6094529628753662
0.562535285949707
0.5510978698730469
0.5095279216766357
0.6027510166168213
0.5092411041259766
0.5158257484436035
0.5541319847106934
0.5004730224609375
0.49970269203186035
0.5540387630462646
0.5800940990447998
0.507296085357666
0.5536539554595947
0.5023989677429199
0.5009422302246094
0.5582048892974854
0.506040096282959
0.5559389591217041
0.587482213973999
0.5542328357696533
0.5751500129699707
0.6131730079650879
0.5558559894561768
0.614454984664917
0.5070772171020508
0.5555830001831055
0.5586991310119629
0.5034811496734619
0.5107719898223877
0.5393390655517578
0.501129150390625
0.5561761856079102
0.5033771991729736
0.5564391613006592
0.5681140422821045
0.5045440196990967
0.5142722129821777
0.527195930480957
0.5635862350463867
0.5542020797729492
0.5444240570068359
0.5577731132507324
0.5064208507537842
0.5639169216156006
0.5634400844573975
0.5047860145568848
0.5027730464935303
0.5044310092926025
0.5767149925231934
0.5545799732208252
0.5027580261230469
0.504925012588501
0.5290501117706299
0.49875307083129883
0.5053679943084717
0.509099006652832
0.5772459506988525
0.5578103065490723
0.5071916580200195
0.5122523307800293
0.5309720039367676
0.5062949657440186
0.5483450889587402
0.6606848239898682
0.616131067276001
0.5589370727539062
0.5634329319000244
0.5054018497467041
0.5083279609680176
0.5002338886260986
0.5120389461517334
0.5021839141845703
0.578481912612915
0.5108048915863037
0.5516211986541748
0.5520341396331787
0.5088310241699219
0.507587194442749
0.5523509979248047
0.5039570331573486
0.5270042419433594
0.5544912815093994
0.5172080993652344
0.5138790607452393
0.5293989181518555
0.5497820377349854
0.559455156326294
0.5938968658447266
0.5555858612060547
0.5738561153411865
0.5527200698852539
0.5088338851928711
0.5049037933349609
0.5017340183258057
0.5032479763031006
0.5080409049987793
0.5359809398651123
0.5115828514099121
0.5025627613067627
0.5531561374664307
0.5519840717315674
0.5275089740753174
0.502875804901123
0.5056929588317871
0.5629570484161377
0.5972578525543213
0.5568339824676514
0.5983343124389648
0.6112382411956787
0.5044357776641846
0.549217939376831
0.5580508708953857
0.5553207397460938
0.50636887550354
0.5050961971282959
0.549368143081665
0.5005979537963867
0.5728380680084229
0.5952918529510498
0.5059881210327148
0.5622057914733887
0.575016975402832
0.5543761253356934
0.5544650554656982
0.5034360885620117
0.5060758590698242
0.5017170906066895
0.5009908676147461
0.5519840717315674
0.6603977680206299
0.5006358623504639
0.5064818859100342
0.5795471668243408
0.5534369945526123
0.6224880218505859
0.5541520118713379
0.5526909828186035
0.5059497356414795
0.514991044998169
0.5573711395263672
0.5044760704040527
0.5340101718902588
0.5560848712921143
0.6064960956573486
0.5241930484771729
0.5540533065795898
0.5528590679168701
0.6319589614868164
0.5046682357788086
0.5558998584747314
0.5520961284637451
0.5958511829376221
0.5037832260131836
0.5095469951629639
0.509312629699707
0.6225111484527588
0.55989670753479
0.5038290023803711
0.5031731128692627
0.5094120502471924
0.5746293067932129
0.6221637725830078
0.6231098175048828
0.5511858463287354
0.5602490901947021
0.5964727401733398
0.5129950046539307
0.5550620555877686
0.597728967666626
0.5102348327636719
0.557858943939209
0.5868992805480957
0.5115299224853516
0.502007007598877
0.5087192058563232
0.5068390369415283
0.5506942272186279
0.5740041732788086
0.49988698959350586
0.5005362033843994
0.5531048774719238
0.6022405624389648
0.6026458740234375
0.5077400207519531
0.5558998584747314
0.5528242588043213
0.5650949478149414
0.506324052810669
0.5989999771118164
0.5111477375030518
0.5927700996398926
0.6353981494903564
0.505450963973999
0.5068421363830566
0.5150902271270752
0.6291258335113525
0.5099098682403564
0.5860340595245361
0.5039398670196533
0.5041639804840088
0.5580077171325684
0.583939790725708
0.5035178661346436
0.5635550022125244
0.5832171440124512
0.5529279708862305
0.5529477596282959
0.5534267425537109
0.6098549365997314
0.6125271320343018
0.5153989791870117
0.6078059673309326
0.5059762001037598
0.6213479042053223
0.5148580074310303
0.5050020217895508
0.5012328624725342
0.502687931060791
0.5307791233062744
0.5007259845733643
0.5538098812103271
0.5525181293487549
0.5969932079315186
0.5046930313110352
0.5037550926208496
0.5428683757781982
0.5055840015411377
0.5693261623382568
0.5555751323699951
0.552739143371582
0.5101780891418457
0.5055050849914551
0.5003421306610107
0.504619836807251
0.5029349327087402
0.5060417652130127
0.5038912296295166
0.5056247711181641
0.5043282508850098
0.5787489414215088
0.5765399932861328
0.5045680999755859
0.5518732070922852
0.5017108917236328
0.5553708076477051
0.5543668270111084
0.5101428031921387
0.5975387096405029
0.49944400787353516
0.5059869289398193
0.5584089756011963
0.5052058696746826
0.5342869758605957
0.5501749515533447
0.504500150680542
0.5689120292663574
0.5466470718383789
0.5033080577850342
0.5720350742340088
0.5023858547210693
0.501352071762085
0.5007259845733643
0.5128481388092041
0.578747034072876
0.552642822265625
0.5666089057922363
0.509091854095459
0.5905861854553223
0.5547029972076416
0.5059490203857422
0.5007920265197754
0.5580129623413086
0.5062270164489746
0.5044772624969482
0.502906084060669
0.5809109210968018
0.6326940059661865
0.5499939918518066
0.5491158962249756
0.5518081188201904
0.5689871311187744
0.5522522926330566
0.5079019069671631
0.5853147506713867
0.5502848625183105
0.5773119926452637
0.5524611473083496
0.553124189376831
0.508033037185669
0.502082109451294
0.5154831409454346
0.6419310569763184
0.5506057739257812
0.5522770881652832
0.5507450103759766
0.5581481456756592
0.6534550189971924
0.5541670322418213
0.5085330009460449
0.5043838024139404
0.5509459972381592
0.501600980758667
0.5608072280883789
0.5076050758361816
0.503350019454956
0.5504240989685059
0.5280587673187256
0.5538022518157959
0.5501272678375244
0.5005817413330078
0.505706787109375
0.5558741092681885
0.5066018104553223
0.5010228157043457
0.546457052230835
0.549962043762207
0.5539019107818604
0.5042569637298584
0.5559580326080322
0.5502331256866455
0.5022339820861816
0.5028271675109863
0.5581998825073242
0.5530071258544922
0.5020618438720703
0.5468897819519043
0.5138089656829834
0.5017590522766113
0.5504646301269531
0.5501670837402344
0.552631139755249
0.5064671039581299
0.577394962310791
0.5271899700164795
0.6425521373748779
0.5024728775024414
0.6640961170196533
0.5591540336608887
0.5040569305419922
0.5546588897705078
0.6274642944335938
0.548680305480957
0.5050709247589111
0.5094900131225586
0.5546309947967529
0.5954420566558838
0.7128739356994629
0.5043840408325195
0.5547747611999512
0.5014898777008057
0.5049281120300293
0.4982888698577881
0.551306962966919
0.5053279399871826
0.562204122543335
0.5959932804107666
0.5017788410186768
0.5586578845977783
0.5290689468383789
0.5608072280883789
0.5043802261352539
0.5103731155395508
0.5548040866851807
0.5682852268218994
0.632012128829956
0.5062170028686523
0.508033037185669
0.5541188716888428
0.5565378665924072
0.5012681484222412
0.5066378116607666
0.5040111541748047
0.563615083694458
0.5124900341033936
0.6042459011077881
0.5526561737060547
0.5762817859649658
1.5244460105895996
0.6226890087127686
0.5003697872161865
0.502650260925293
0.5540101528167725
0.5905117988586426
0.6203548908233643
0.5043768882751465
0.5106649398803711
0.5545778274536133
0.507037878036499
0.49993014335632324
0.551969051361084
0.5582420825958252
0.5031509399414062
0.5521190166473389
0.5110228061676025
0.5846481323242188
0.5162487030029297
0.647388219833374
0.5536899566650391
0.5048949718475342
0.5034470558166504
0.5109281539916992
0.5014760494232178
0.5727179050445557
0.5051100254058838
0.5084762573242188
0.5486090183258057
0.5731868743896484
0.5025463104248047
0.5488879680633545
0.5861048698425293
0.5037329196929932
0.5532491207122803
0.5491797924041748
0.5507099628448486
0.506605863571167
0.5049819946289062
0.5528161525726318
0.5510902404785156
0.551764965057373
0.5526740550994873
0.4977848529815674
0.5508499145507812
0.5121669769287109
0.5590531826019287
0.5627272129058838
0.5481469631195068
0.5510118007659912
0.5095529556274414
0.5583717823028564
0.5030481815338135
0.5276050567626953
0.6095781326293945
0.5204610824584961
0.5028369426727295
0.5100240707397461
0.5760898590087891
0.5540759563446045
0.6024153232574463
0.554102897644043
0.5696940422058105
0.5750491619110107
0.5126078128814697
0.5547690391540527
0.5034480094909668
0.5530519485473633
0.5049309730529785
0.5544860363006592
0.5016429424285889
0.5516889095306396
0.6095597743988037
0.5114998817443848
0.604971170425415
0.5528810024261475
0.5361297130584717
0.5652580261230469
0.5033879280090332
0.5206408500671387
0.5290689468383789
0.5072598457336426
0.5070919990539551
0.6187129020690918
0.5488748550415039
0.5730347633361816
0.5641579627990723
0.5584151744842529
0.5004558563232422
0.5078079700469971
0.4998300075531006
0.5021851062774658
0.5293831825256348
0.5052299499511719
0.5053160190582275
0.5117130279541016
0.5375101566314697
0.5016229152679443
0.5293569564819336
0.620211124420166
0.6167500019073486
0.5987699031829834
