1.5989179611206055
0.5879049301147461
0.5039849281311035
0.5027968883514404
0.6177887916564941
0.504227876663208
0.5596892833709717
0.5048980712890625
0.5569710731506348
0.5758228302001953
0.4994790554046631
0.5522620677947998
0.6566720008850098
0.7274150848388672
0.5495157241821289
0.5043647289276123
0.5072159767150879
0.5813629627227783
0.7321841716766357
0.571019172668457
0.5289931297302246
0.6153750419616699
0.6130290031433105
0.5092740058898926
0.5497257709503174
0.5793857574462891
0.6005408763885498
0.5257971286773682
0.6134872436523438
0.6005251407623291
0.5160038471221924
0.5195190906524658
0.6344029903411865
0.5529420375823975
0.5060811042785645
0.5594737529754639
0.6257171630859375
0.5344772338867188
0.506911039352417
0.5087399482727051
0.5972800254821777
0.5549478530883789
0.5754199028015137
0.5025999546051025
0.5012280941009521
0.5536708831787109
0.5959861278533936
0.6123001575469971
0.5039327144622803
0.5498142242431641
0.5506272315979004
0.507904052734375
0.5063412189483643
0.5548379421234131
0.5114688873291016
0.552804708480835
0.5624940395355225
0.5087220668792725
0.5525248050689697
0.5759181976318359
0.6252739429473877
0.5016622543334961
0.6226029396057129
0.5027141571044922
0.6247050762176514
0.5583970546722412
0.5583829879760742
0.6139318943023682
0.6146399974822998
0.5035610198974609
0.5195181369781494
0.5090851783752441
0.5532631874084473
0.5619199275970459
0.5272321701049805
0.6227607727050781
0.6164920330047607
0.5548150539398193
0.5455331802368164
0.5558130741119385
0.5756089687347412
0.5065159797668457
0.5062777996063232
0.5168349742889404
0.5053141117095947
0.5475807189941406
0.5330278873443604
0.5807309150695801
0.5515198707580566
0.5846688747406006
0.5515871047973633
0.50325608253479
0.5042810440063477
0.5677669048309326
0.5248329639434814
0.5856120586395264
0.5026788711547852
0.5091168880462646
0.5033750534057617
0.5041711330413818
0.5614659786224365
0.5268628597259521
0.5506150722503662
0.5519721508026123
0.5029942989349365
0.5470860004425049
0.5509140491485596
0.5511531829833984
0.501776933670044
0.5469911098480225
0.5076799392700195
0.5050070285797119
0.5808980464935303
0.5211479663848877
0.548213005065918
0.505173921585083
0.508289098739624
0.5103182792663574
0.502432107925415
0.5077230930328369
0.5754148960113525
0.5039780139923096
0.5531148910522461
0.5064990520477295
0.5554409027099609
0.5531570911407471
0.5062499046325684
0.5564448833465576
0.5496902465820312
0.5494067668914795
0.552058219909668
0.5536167621612549
0.5487470626831055
0.503662109375
0.5172531604766846
0.5031871795654297
0.5427157878875732
0.5008141994476318
0.5608761310577393
0.5053181648254395
0.5520720481872559
0.5009269714355469
0.5009100437164307
0.5071570873260498
0.529965877532959
0.4974830150604248
0.5525190830230713
0.5591719150543213
0.5087380409240723
0.551023006439209
0.5007586479187012
0.5278618335723877
0.580488920211792
0.553400993347168
0.5790877342224121
0.5028340816497803
0.5510439872741699
0.5018167495727539
0.505692720413208
0.5000088214874268
0.5033910274505615
0.5043048858642578
0.5534489154815674
0.5025489330291748
0.5296299457550049
0.5070278644561768
0.5054299831390381
0.550739049911499
0.5534379482269287
0.6084699630737305
0.5588419437408447
0.5487797260284424
0.5510449409484863
0.5068972110748291
0.503018856048584
0.5522239208221436
0.5319082736968994
0.4989027976989746
0.5018448829650879
0.5031981468200684
0.5362520217895508
0.5498769283294678
0.5010509490966797
0.5071308612823486
0.5501809120178223
0.5051891803741455
0.5052220821380615
0.499708890914917
0.5250229835510254
0.5073630809783936
0.5017070770263672
0.5536630153656006
0.5442230701446533
0.5501480102539062
0.5076358318328857
0.5042121410369873
0.5260097980499268
0.5035037994384766
0.5065240859985352
0.5057449340820312
0.5423312187194824
0.5078060626983643
0.5639359951019287
0.5520069599151611
0.5611209869384766
0.5018739700317383
0.5043048858642578
0.5545918941497803
0.5353109836578369
0.5575408935546875
0.5130860805511475
0.4997372627258301
0.5243618488311768
0.5057289600372314
0.5041260719299316
0.501610279083252
0.5313408374786377
0.5537700653076172
0.5542740821838379
0.6389539241790771
0.5014238357543945
0.553278923034668
0.5212740898132324
0.505638837814331
0.5258181095123291
0.5151093006134033
0.5477898120880127
0.5082869529724121
0.5260770320892334
0.5057947635650635
0.5018801689147949
0.5537662506103516
0.5332810878753662
0.5518171787261963
0.5503909587860107
0.5526919364929199
0.5088253021240234
0.5525498390197754
0.5548558235168457
0.5529611110687256
0.5644090175628662
0.49939990043640137
0.5043249130249023
0.5089938640594482
0.5728530883789062
0.5200481414794922
0.5535581111907959
0.5536980628967285
0.5006020069122314
0.5017061233520508
0.5011520385742188
0.5037167072296143
0.5820739269256592
0.5062758922576904
0.5057027339935303
0.5065419673919678
0.5379350185394287
0.5527918338775635
0.5033779144287109
0.5095880031585693
0.5521731376647949
0.5061602592468262
0.5993738174438477
0.5502300262451172
0.5934767723083496
0.5513248443603516
0.49993896484375
0.5028440952301025
0.5254790782928467
0.505626916885376
0.5545201301574707
0.5022640228271484
0.5352177619934082
0.5012521743774414
0.5560791492462158
0.5980141162872314
0.5531022548675537
0.5515978336334229
0.49820995330810547
0.5552937984466553
0.5069050788879395
0.5543332099914551
0.5150070190429688
0.5614280700683594
0.554602861404419
0.5038571357727051
0.5323200225830078
0.5554440021514893
0.5063521862030029
0.514024019241333
0.5554430484771729
0.5100729465484619
0.5525600910186768
0.5523331165313721
0.5078840255737305
0.5555050373077393
0.5560970306396484
0.5544161796569824
0.5081002712249756
0.5483157634735107
0.5101258754730225
0.5555441379547119
0.5132369995117188
0.5494527816772461
0.5456938743591309
0.5016419887542725
0.5533649921417236
0.5046188831329346
0.5539247989654541
0.5101799964904785
0.5542058944702148
0.5526008605957031
0.502784013748169
0.5043230056762695
0.5575931072235107
0.5563552379608154
0.5135660171508789
0.5023548603057861
0.5604238510131836
0.5054941177368164
0.5114729404449463
0.5679497718811035
0.5543811321258545
0.5045850276947021
0.55588698387146
0.6510999202728271
0.5051360130310059
0.5506298542022705
0.5023820400238037
0.49977803230285645
0.5618219375610352
0.5494899749755859
0.585561990737915
0.506072998046875
0.6267361640930176
0.5626070499420166
0.5362918376922607
0.5469760894775391
0.6005139350891113
0.5048589706420898
0.5117120742797852
0.6265673637390137
0.5107588768005371
0.5520720481872559
0.5101909637451172
0.5615501403808594
0.5068459510803223
0.6075959205627441
0.501903772354126
0.5252668857574463
0.5017609596252441
0.5556948184967041
0.577225923538208
0.5600559711456299
0.5061891078948975
0.5105969905853271
0.5569100379943848
0.49907398223876953
0.5487077236175537
0.5150892734527588
0.501018762588501
0.4997379779815674
0.5035748481750488
0.511986255645752
0.5018589496612549
0.5608179569244385
0.5026721954345703
0.5624589920043945
0.5558946132659912
0.5465571880340576
0.5011420249938965
0.5080349445343018
0.5120010375976562
0.5057468414306641
0.5481359958648682
0.5716629028320312
0.6591460704803467
0.5044090747833252
0.5565860271453857
0.5628092288970947
0.629723310470581
0.5029211044311523
0.5053360462188721
0.508718729019165
0.5117340087890625
0.503770112991333
0.5605161190032959
0.578754186630249
0.5079550743103027
0.6266460418701172
0.49973392486572266
0.5532798767089844
0.548663854598999
0.49791717529296875
0.5012140274047852
0.529865026473999
0.5314068794250488
0.5012249946594238
0.5167489051818848
0.5636661052703857
0.5686819553375244
0.5573139190673828
0.5057108402252197
0.5517570972442627
0.5506370067596436
0.5083858966827393
0.511807918548584
0.5567631721496582
0.5011992454528809
0.502518892288208
0.5930912494659424
0.6217191219329834
0.5589339733123779
0.5015771389007568
0.5043268203735352
0.519611120223999
0.551520824432373
0.5094530582427979
0.5554308891296387
0.5022740364074707
0.5002071857452393
0.5500080585479736
0.50602126121521
0.7683401107788086
0.5097370147705078
0.5046038627624512
0.5018770694732666
0.5412311553955078
0.5513348579406738
1.5589921474456787
0.5070369243621826
0.6232430934906006
0.544734001159668
0.5542869567871094
0.5137012004852295
0.5089261531829834
0.5585079193115234
0.5484960079193115
0.6125450134277344
0.5503418445587158
0.5655629634857178
0.5013659000396729
0.5523941516876221
0.5027060508728027
0.5007328987121582
0.5584709644317627
0.5498509407043457
0.5596511363983154
0.5049159526824951
0.5101239681243896
0.49854612350463867
0.5535449981689453
0.5460591316223145
0.5125150680541992
0.6409032344818115
0.5056118965148926
0.5865390300750732
0.5505008697509766
0.5505599975585938
0.5064809322357178
0.5012760162353516
0.5322270393371582
0.5142631530761719
0.5289888381958008
0.5005619525909424
0.5423250198364258
0.5509209632873535
0.5650932788848877
0.5523719787597656
0.5838708877563477
0.511401891708374
0.5578300952911377
0.5009338855743408
0.532059907913208
0.5550050735473633
0.5538339614868164
0.5711679458618164
0.5506060123443604
0.5691368579864502
0.5549981594085693
0.5819249153137207
0.5483200550079346
0.5072462558746338
0.503493070602417
0.500190258026123
0.5779159069061279
0.5012099742889404
0.5510449409484863
0.5507500171661377
0.5533440113067627
0.5822463035583496
0.49956798553466797
0.5007250308990479
0.5282943248748779
0.5965399742126465
0.5537760257720947
0.5084710121154785
0.5923068523406982
0.5565118789672852
0.4994699954986572
0.5008649826049805
0.5494441986083984
0.504403829574585
0.5624921321868896
0.6158859729766846
0.5083489418029785
0.5054960250854492
0.5026638507843018
0.5811309814453125
0.6841862201690674
0.5555469989776611
0.5526561737060547
0.5043680667877197
0.6784090995788574
0.6836841106414795
0.6005139350891113
0.5035891532897949
0.5983450412750244
0.6767129898071289
0.503054141998291
0.5799767971038818
0.5033352375030518
0.5139436721801758
0.5113952159881592
0.6160440444946289
0.6150453090667725
0.600172758102417
0.5520451068878174
0.552236795425415
0.5025579929351807
0.5563321113586426
0.5497198104858398
0.5597488880157471
0.5296518802642822
0.6221802234649658
0.6192941665649414
0.5531201362609863
0.5030279159545898
0.5558788776397705
0.50543212890625
0.5029408931732178
0.5291132926940918
0.5490071773529053
0.50412917137146
0.502561092376709
0.5219419002532959
0.557183027267456
0.5059309005737305
0.5009231567382812
0.550595760345459
0.5034139156341553
0.5072000026702881
0.5135188102722168
0.5317788124084473
0.5055038928985596
0.4994328022003174
0.5539917945861816
0.5354800224304199
0.506523847579956
0.5498449802398682
0.5057342052459717
0.5249021053314209
0.5557680130004883
0.5980381965637207
0.6212131977081299
0.5040619373321533
0.5497310161590576
0.5488848686218262
1.5619139671325684
0.5751872062683105
0.5061507225036621
0.5052461624145508
0.5121212005615234
0.5020818710327148
0.5016078948974609
0.5155439376831055
0.5906322002410889
0.5102329254150391
0.5059540271759033
0.5022242069244385
0.5341248512268066
0.5077986717224121
0.5905170440673828
0.5501089096069336
0.5607080459594727
0.5407190322875977
0.5562658309936523
0.5701653957366943
0.6256780624389648
0.6134748458862305
0.6015207767486572
0.5561420917510986
0.5849161148071289
0.5043158531188965
0.6276040077209473
0.5112578868865967
0.5088818073272705
0.5501821041107178
0.5496270656585693
0.5060439109802246
0.5123190879821777
0.5282690525054932
0.6173720359802246
0.6105029582977295
0.6283109188079834
0.5863981246948242
0.5280740261077881
0.5022788047790527
0.5022001266479492
0.5039300918579102
0.6512241363525391
0.5016062259674072
0.5140328407287598
0.5505390167236328
0.5752580165863037
0.6139540672302246
0.603126049041748
0.5611529350280762
0.5070071220397949
0.5492596626281738
0.563730001449585
0.5949230194091797
0.6250088214874268
0.5983891487121582
0.5054371356964111
0.6248970031738281
0.6256928443908691
0.5290749073028564
0.5700581073760986
0.5540192127227783
0.5973713397979736
0.5520689487457275
0.5657329559326172
0.6135749816894531
0.5112881660461426
0.6245009899139404
0.6188950538635254
0.6117579936981201
0.6152188777923584
0.5118629932403564
0.6020328998565674
0.6254360675811768
0.5873048305511475
0.5283739566802979
0.5552511215209961
0.5699689388275146
0.5156960487365723
0.6104111671447754
0.6166830062866211
0.6011769771575928
0.5250811576843262
0.5521759986877441
0.5566072463989258
0.5058350563049316
0.5558109283447266
0.5526220798492432
0.5587449073791504
0.5025181770324707
0.5061302185058594
0.5550158023834229
0.565622091293335
0.5258550643920898
0.6281230449676514
0.6028232574462891
0.5983929634094238
0.6415939331054688
0.5013918876647949
0.501107931137085
0.5598459243774414
0.5026283264160156
0.5846807956695557
0.5475001335144043
0.5019018650054932
0.5029518604278564
0.5590851306915283
0.5779187679290771
0.595444917678833
0.5048928260803223
0.5961110591888428
0.5309209823608398
0.6125409603118896
0.55037522315979
0.5145740509033203
0.5734541416168213
0.612844705581665
0.6293237209320068
0.5577971935272217
0.555056095123291
0.6419000625610352
0.569249153137207
0.5073878765106201
0.5507779121398926
0.6141691207885742
0.5948219299316406
0.5561609268188477
0.5028800964355469
0.5121619701385498
0.5815730094909668
0.6121180057525635
0.6148552894592285
0.6125049591064453
0.5090749263763428
0.5147621631622314
0.5594699382781982
0.586043119430542
0.6063709259033203
0.5529520511627197
0.5506191253662109
0.5036270618438721
0.503727912902832
0.5049207210540771
0.5577700138092041
0.5730791091918945
0.5299198627471924
0.5047290325164795
0.5042469501495361
0.5489280223846436
0.6241037845611572
0.5496819019317627
0.5712430477142334
0.5068700313568115
0.6047251224517822
0.6284489631652832
0.5028748512268066
0.569033145904541
0.5037071704864502
0.5020980834960938
0.501701831817627
0.5268909931182861
0.5686731338500977
0.5480349063873291
0.4974098205566406
0.5154271125793457
0.5022997856140137
0.6092731952667236
0.5672032833099365
0.5000791549682617
0.5102322101593018
0.5064082145690918
0.5774562358856201
0.5532641410827637
0.5312290191650391
0.584913969039917
0.6239409446716309
0.604266881942749
0.5551488399505615
0.5033581256866455
0.5789721012115479
0.5098931789398193
0.6007778644561768
0.5589468479156494
0.5689408779144287
0.5508050918579102
0.582834005355835
0.6203022003173828
0.614422082901001
0.5971689224243164
0.4995849132537842
0.5542557239532471
0.5532419681549072
0.5702791213989258
0.6176271438598633
0.5130569934844971
0.6095418930053711
0.55069899559021
0.5533359050750732
0.5061600208282471
0.555060863494873
0.5536401271820068
0.6198911666870117
0.5037839412689209
0.5511000156402588
0.622567892074585
0.5016210079193115
0.6042449474334717
0.5532641410827637
0.5008490085601807
0.5559418201446533
0.5243899822235107
0.5042831897735596
0.5562129020690918
0.5934309959411621
0.513761043548584
0.613184928894043
0.5234558582305908
0.6282742023468018
0.503727912902832
0.5709631443023682
0.5509309768676758
0.5539760589599609
0.5717451572418213
0.614936113357544
0.6005668640136719
0.5565710067749023
0.59027099609375
0.5021281242370605
0.5123662948608398
0.6147351264953613
0.5544519424438477
0.5841362476348877
0.5519082546234131
0.550076961517334
0.5237777233123779
0.5871460437774658
0.5410270690917969
0.5589699745178223
0.4989621639251709
0.5021929740905762
0.582442045211792
0.6277329921722412
0.556736946105957
0.503943920135498
0.5155370235443115
0.6130349636077881
0.6143898963928223
0.5541799068450928
0.5813720226287842
0.554894208908081
0.5715501308441162
0.5050151348114014
0.6186718940734863
0.6061849594116211
0.5492000579833984
0.5002272129058838
0.5042860507965088
0.6044650077819824
0.5107650756835938
0.5954267978668213
0.5245850086212158
0.6235611438751221
0.6147499084472656
0.556736946105957
0.5586400032043457
0.6160769462585449
0.6024370193481445
0.7282302379608154
0.5146398544311523
0.5511960983276367
0.5844001770019531
0.6350069046020508
0.5469369888305664
0.5044231414794922
0.5539348125457764
0.5057327747344971
0.49919986724853516
0.6299169063568115
0.5113670825958252
0.5007028579711914
0.6375901699066162
0.5064568519592285
0.5020768642425537
0.5526418685913086
0.49981117248535156
0.49965476989746094
0.6192209720611572
0.5834851264953613
0.5577142238616943
0.5706138610839844
0.504852294921875
0.5529720783233643
0.5192341804504395
0.6125319004058838
0.5039820671081543
0.549980878829956
0.5754008293151855
0.5371661186218262
0.5076072216033936
0.5163908004760742
0.5571677684783936
0.5522971153259277
0.504040002822876
0.5341336727142334
0.6234698295593262
0.5958719253540039
0.5216860771179199
0.5761761665344238
0.5514950752258301
0.5063266754150391
0.6155557632446289
0.508502721786499
0.5529720783233643
0.5822570323944092
0.5990262031555176
0.5479638576507568
0.551506757736206
0.5533370971679688
0.5588469505310059
0.5512919425964355
0.49973487854003906
0.49898314476013184
0.503814697265625
0.5727286338806152
0.5020959377288818
0.5489740371704102
0.5056819915771484
0.5609631538391113
0.5042679309844971
0.5038268566131592
0.5588960647583008
0.554516077041626
0.5310642719268799
0.50345778465271
0.5602953433990479
0.5658931732177734
0.5616490840911865
0.5503239631652832
0.5555229187011719
0.5027880668640137
0.5544109344482422
0.5917549133300781
0.5501821041107178
0.5095820426940918
0.553584098815918
0.5015051364898682
0.4982619285583496
0.5479440689086914
0.5724151134490967
0.5197439193725586
0.5484230518341064
0.5666460990905762
0.5534131526947021
0.5062952041625977
0.5041720867156982
0.5509049892425537
0.5530598163604736
0.5522270202636719
0.4995589256286621
0.5064010620117188
0.5561468601226807
0.50345778465271
0.5548081398010254
0.5479779243469238
0.5510208606719971
0.5007350444793701
0.49991488456726074
0.5068190097808838
0.4998750686645508
0.61263108253479
0.5010628700256348
0.5020430088043213
0.5509750843048096
0.5836789608001709
0.5515530109405518
0.5063371658325195
0.557750940322876
0.5064849853515625
0.5813450813293457
0.5088481903076172
0.6685523986816406
0.5058660507202148
0.4993877410888672
0.505922794342041
0.5680510997772217
0.5826189517974854
0.5053720474243164
0.49991798400878906
0.5548660755157471
0.6321351528167725
0.5467720031738281
0.5625369548797607
0.5629880428314209
0.501133918762207
0.5008471012115479
0.5066478252410889
0.5347628593444824
0.5462179183959961
0.5051579475402832
0.5611650943756104
0.5536811351776123
0.5606961250305176
0.6229710578918457
0.5041542053222656
0.5940239429473877
0.506119966506958
0.551520824432373
0.5042510032653809
0.5005950927734375
0.5255439281463623
0.5280749797821045
0.5010061264038086
0.5229640007019043
0.5326063632965088
0.5540318489074707
0.5052859783172607
0.500669002532959
0.5066478252410889
0.5245840549468994
0.4996030330657959
0.5016539096832275
0.5043630599975586
0.5021262168884277
0.5050990581512451
0.5143632888793945
0.5022902488708496
0.5298469066619873
0.5032069683074951
0.5049741268157959
0.617081880569458
0.5515549182891846
0.512253999710083
