1.2645230293273926
0.6951570510864258
0.596588134765625
0.5979142189025879
0.902764081954956
0.5990779399871826
0.6059620380401611
0.5962209701538086
0.6050879955291748
0.6171329021453857
0.5955462455749512
0.6362240314483643
0.5961501598358154
0.5979068279266357
0.6429266929626465
0.6434528827667236
0.7151679992675781
0.7020151615142822
0.6054699420928955
0.6573729515075684
0.6690318584442139
0.5940296649932861
0.6351730823516846
0.6241528987884521
0.5957331657409668
0.637200117111206
0.748150110244751
0.6997349262237549
0.5950641632080078
0.6085817813873291
0.6069750785827637
0.6537752151489258
0.6480438709259033
0.5950169563293457
0.6710710525512695
0.7306921482086182
0.771752119064331
0.6263461112976074
0.6595618724822998
0.633742094039917
0.8716673851013184
0.6261382102966309
0.5986440181732178
0.6599771976470947
0.6641800403594971
0.5949759483337402
0.6941800117492676
0.6540329456329346
0.6577270030975342
0.6034829616546631
0.6442041397094727
0.6712498664855957
0.6175169944763184
0.6597650051116943
0.6735200881958008
0.6019020080566406
0.6488990783691406
0.6005620956420898
0.5992770195007324
0.5969653129577637
0.641618013381958
0.6516838073730469
0.6759312152862549
0.6086609363555908
0.598322868347168
0.6373798847198486
0.6202099323272705
0.6429941654205322
0.6048069000244141
0.6025769710540771
0.7019779682159424
0.6421260833740234
0.7122678756713867
0.6974589824676514
0.713939905166626
0.6277797222137451
0.6826009750366211
0.6600100994110107
0.6524951457977295
0.7779121398925781
0.6110601425170898
0.6454710960388184
0.7898917198181152
0.6930680274963379
0.5938129425048828
0.6278021335601807
0.6477057933807373
0.683258056640625
0.6484920978546143
0.5981202125549316
0.605914831161499
0.6458590030670166
0.7341809272766113
0.5978927612304688
0.7015860080718994
0.6951830387115479
0.5979597568511963
0.6304230690002441
0.6199629306793213
0.6002249717712402
0.6275129318237305
0.7337260246276855
0.5937850475311279
0.6614401340484619
0.6455717086791992
0.5997188091278076
0.6494910717010498
0.5938899517059326
0.6364498138427734
0.6171457767486572
0.5938200950622559
0.6408100128173828
0.5996618270874023
0.6483190059661865
0.732064962387085
0.6052789688110352
0.6911611557006836
0.7398903369903564
0.5942869186401367
0.6301319599151611
0.6947329044342041
0.6575400829315186
0.6863071918487549
0.7083818912506104
0.6277937889099121
0.6746649742126465
0.6311168670654297
0.6363189220428467
0.7416889667510986
0.6123430728912354
0.5994381904602051
0.7129080295562744
0.6909098625183105
0.7260468006134033
0.7353458404541016
0.6913249492645264
0.6163980960845947
0.8369510173797607
0.5982589721679688
0.6180729866027832
0.6757230758666992
0.6735241413116455
0.6946492195129395
0.6799018383026123
0.6752877235412598
0.6077249050140381
0.607680082321167
0.6126341819763184
0.6057212352752686
0.6454172134399414
0.7255270481109619
0.6020259857177734
0.5994610786437988
0.7001750469207764
0.6131157875061035
0.6173508167266846
0.647780179977417
0.6104161739349365
0.6890168190002441
0.5982739925384521
0.6264619827270508
0.6094319820404053
0.6004819869995117
0.6358389854431152
0.6535680294036865
0.6011719703674316
0.686985969543457
0.5941057205200195
0.6377551555633545
0.5979440212249756
0.6003608703613281
0.6063659191131592
0.6488239765167236
0.6026780605316162
0.5962579250335693
0.641308069229126
0.5973629951477051
0.6641788482666016
0.6452343463897705
0.5977039337158203
0.5958328247070312
0.6034328937530518
0.707233190536499
0.5993731021881104
0.6500999927520752
0.5971279144287109
0.6004040241241455
0.629655122756958
0.5960080623626709
0.6345200538635254
0.738955020904541
0.5936787128448486
0.6939928531646729
0.6283330917358398
0.5950777530670166
0.626579999923706
0.6406412124633789
0.5997838973999023
0.7192158699035645
0.5965988636016846
0.5972740650177002
0.6630611419677734
0.6006498336791992
0.6806890964508057
0.6521480083465576
0.5960969924926758
0.6208949089050293
0.6518549919128418
0.5979552268981934
0.7031729221343994
0.5991570949554443
0.5982930660247803
0.6345119476318359
0.5986969470977783
0.6294200420379639
0.6223721504211426
0.6040158271789551
0.6544661521911621
0.5983679294586182
0.7255802154541016
0.692612886428833
0.6057989597320557
0.6222667694091797
0.6781711578369141
0.601639986038208
0.6830539703369141
0.7481029033660889
0.6011941432952881
0.678595781326294
0.6902461051940918
0.5996429920196533
0.644334077835083
0.5945122241973877
0.5964670181274414
0.6121170520782471
0.5952877998352051
0.6015698909759521
0.5979940891265869
0.5952939987182617
0.5986948013305664
0.6559059619903564
0.5983901023864746
0.5986013412475586
0.5975170135498047
0.6466267108917236
0.600013017654419
0.597942590713501
0.5992190837860107
0.5970470905303955
0.6064488887786865
0.717296838760376
0.5955829620361328
0.6944210529327393
0.6354267597198486
0.5966410636901855
0.6607019901275635
0.5974571704864502
0.699195146560669
0.6105432510375977
0.5977671146392822
0.6479990482330322
0.7032599449157715
0.5957849025726318
0.7035059928894043
0.5966768264770508
0.5987548828125
0.695037841796875
0.595618724822998
0.7489442825317383
0.6896393299102783
0.6375150680541992
0.6020898818969727
0.7281267642974854
0.6356918811798096
0.6394100189208984
0.646414041519165
0.6471450328826904
0.5970971584320068
0.7001211643218994
0.5985941886901855
0.6696019172668457
0.677656888961792
0.5959618091583252
0.9851210117340088
0.6161260604858398
0.6440329551696777
0.6743757724761963
0.6841001510620117
0.5998868942260742
0.6494247913360596
0.6039831638336182
0.5966410636901855
0.6209149360656738
0.6122379302978516
0.5975511074066162
0.6578688621520996
0.6524970531463623
0.7062041759490967
0.6660220623016357
0.5999202728271484
0.623511791229248
0.5977110862731934
0.6409010887145996
0.6114118099212646
0.5965690612792969
0.6134369373321533
0.6550271511077881
0.6013622283935547
0.8337490558624268
0.654285192489624
0.610274076461792
0.5979371070861816
0.650270938873291
0.6450710296630859
0.7018640041351318
0.6470000743865967
0.6439101696014404
0.5976028442382812
0.8317608833312988
0.5958120822906494
0.6764659881591797
0.6220471858978271
0.5959219932556152
0.6598961353302002
0.6858341693878174
0.6448929309844971
0.7390398979187012
0.6884605884552002
0.5939300060272217
0.624683141708374
0.6431200504302979
0.6005141735076904
0.5985190868377686
0.5952780246734619
0.626967191696167
0.6102979183197021
0.6028039455413818
0.6479649543762207
0.6034688949584961
0.6290571689605713
0.6962523460388184
0.638329029083252
0.6283590793609619
0.6000151634216309
0.7123939990997314
0.6027112007141113
0.7237939834594727
0.6444361209869385
0.6449158191680908
0.6429071426391602
0.6105830669403076
0.6214659214019775
0.6091330051422119
0.600759744644165
0.6170449256896973
0.5978779792785645
0.6333019733428955
0.600538969039917
0.5963180065155029
0.6513099670410156
0.5977299213409424
0.599186897277832
0.6434760093688965
0.5977940559387207
0.6044430732727051
0.5951130390167236
0.65671706199646
0.6432769298553467
0.6872198581695557
0.6171300411224365
0.6116039752960205
0.5940749645233154
0.6523809432983398
0.6579458713531494
0.6009271144866943
0.6005539894104004
0.5967648029327393
0.7287518978118896
0.686500072479248
0.643841028213501
0.6949031352996826
0.6086277961730957
0.6045608520507812
0.6243982315063477
0.6287407875061035
0.601618766784668
0.6135590076446533
0.646564245223999
0.7101387977600098
0.6960711479187012
0.6958248615264893
0.633253812789917
0.6526219844818115
0.5942988395690918
0.6893911361694336
0.629939079284668
0.6494572162628174
0.6844427585601807
0.7377991676330566
0.599757194519043
0.6013340950012207
0.604517936706543
0.5970320701599121
0.6497762203216553
0.6027646064758301
0.6563899517059326
0.6527469158172607
0.6427409648895264
0.5967710018157959
0.6269121170043945
0.5970182418823242
0.6146087646484375
0.5964789390563965
0.6588420867919922
0.5984048843383789
0.597419023513794
0.6455819606781006
0.731316328048706
0.7292208671569824
0.6071689128875732
0.7243161201477051
0.5933430194854736
0.6032130718231201
0.7708139419555664
0.5994038581848145
0.5973057746887207
0.5937197208404541
0.6015040874481201
0.5961968898773193
0.6176750659942627
0.6665389537811279
0.7103688716888428
0.6026139259338379
0.6037299633026123
0.6734459400177002
0.5954170227050781
0.6034622192382812
0.5976290702819824
0.5997390747070312
0.5944561958312988
0.5981419086456299
0.5970568656921387
0.5950498580932617
0.601574182510376
0.5968270301818848
0.6008701324462891
0.590897798538208
0.6434941291809082
0.6033987998962402
0.64945387840271
0.5998530387878418
0.6153080463409424
0.6012730598449707
0.6218311786651611
0.6154921054840088
0.6456210613250732
0.5966079235076904
0.7778291702270508
0.5959877967834473
0.5991029739379883
0.6047990322113037
0.6792128086090088
0.6060359477996826
0.5971899032592773
0.5962059497833252
0.6564922332763672
0.5953762531280518
0.609224796295166
0.6091048717498779
0.600571870803833
0.5999507904052734
0.599931001663208
0.5956439971923828
0.6547689437866211
0.6357660293579102
0.6019749641418457
0.6413760185241699
0.599053144454956
0.650454044342041
0.5941588878631592
0.6474871635437012
0.5949511528015137
0.6159489154815674
0.6427469253540039
0.6409430503845215
0.6437158584594727
0.6414439678192139
0.5971548557281494
0.6352732181549072
0.594693660736084
0.6215689182281494
0.5950632095336914
0.5924060344696045
0.6098940372467041
0.6118490695953369
0.6499340534210205
0.6329271793365479
0.5978820323944092
0.597832202911377
0.6079769134521484
0.5964841842651367
0.6023280620574951
0.5986309051513672
0.6930632591247559
0.7196917533874512
0.6664597988128662
0.5952377319335938
0.6950688362121582
0.5937438011169434
0.6198000907897949
0.7176659107208252
0.63558030128479
0.6982548236846924
0.5947399139404297
0.6007046699523926
0.597599983215332
0.6009669303894043
0.6611871719360352
0.6005370616912842
0.6114101409912109
0.5990760326385498
0.5970067977905273
0.6018729209899902
0.5975308418273926
0.6022689342498779
0.6912548542022705
0.600236177444458
0.6010379791259766
0.6039159297943115
0.6787409782409668
0.605571985244751
0.6418359279632568
0.5979442596435547
0.6585342884063721
0.6414961814880371
0.610327959060669
0.599088191986084
0.6081957817077637
0.6369678974151611
0.6017799377441406
0.5981221199035645
0.603308916091919
0.5996170043945312
0.6088988780975342
0.5917770862579346
0.596221923828125
0.5978870391845703
0.5961551666259766
0.6164858341217041
0.6003687381744385
0.6565749645233154
0.5984790325164795
0.6044778823852539
0.5976998805999756
0.5955541133880615
0.6032731533050537
0.6905181407928467
0.6012570858001709
0.6264641284942627
0.6499340534210205
0.5954849720001221
0.5977888107299805
0.5974991321563721
0.5930590629577637
0.5958108901977539
0.7010889053344727
0.5979809761047363
0.5981180667877197
0.6488540172576904
0.5964910984039307
0.5984370708465576
0.5979437828063965
0.6489288806915283
0.6118757724761963
0.6608209609985352
0.646651029586792
0.6436989307403564
0.5954189300537109
0.6458427906036377
0.6420848369598389
0.6887671947479248
0.6475739479064941
0.5978631973266602
0.6464970111846924
0.5936789512634277
0.5950982570648193
0.6002941131591797
0.5973188877105713
0.6123549938201904
0.6435868740081787
0.5980401039123535
0.6503498554229736
0.5968739986419678
0.5941359996795654
0.6512770652770996
0.5947220325469971
0.6139919757843018
0.6418700218200684
0.5978431701660156
0.629763126373291
0.6315240859985352
0.6105771064758301
0.5961189270019531
0.59389328956604
0.5965278148651123
0.6129317283630371
0.5927700996398926
0.6528599262237549
0.5949733257293701
0.7235877513885498
0.5978748798370361
0.5967559814453125
0.5934278964996338
0.5984938144683838
0.6559278964996338
0.6606841087341309
0.6010088920593262
0.6006650924682617
0.6636111736297607
0.5951628684997559
0.6073188781738281
0.5997698307037354
0.6342620849609375
0.6469318866729736
0.5974299907684326
0.598114013671875
0.5996501445770264
0.6251559257507324
0.6396050453186035
0.5965237617492676
0.709820032119751
0.6489989757537842
0.6425149440765381
0.6068968772888184
0.6431548595428467
0.599567174911499
0.5988800525665283
0.6040239334106445
0.601726770401001
0.6255800724029541
0.6459503173828125
0.60231614112854
0.5926449298858643
0.5969791412353516
0.5970039367675781
0.6444940567016602
0.7235021591186523
0.6663491725921631
0.6018209457397461
0.629173994064331
0.6522049903869629
0.6704320907592773
0.6268191337585449
0.5947928428649902
0.6297547817230225
0.6412830352783203
0.5961899757385254
0.6028170585632324
0.6041669845581055
0.6301741600036621
0.6131210327148438
0.5989251136779785
0.6389071941375732
0.5968451499938965
0.6239469051361084
0.6119017601013184
0.6428701877593994
0.5997738838195801
0.598484992980957
0.593052864074707
0.5973968505859375
0.5978670120239258
0.6685240268707275
0.6194031238555908
0.6059401035308838
0.6269199848175049
0.6101381778717041
0.6117110252380371
0.6188039779663086
0.5966851711273193
0.6543591022491455
0.7365889549255371
0.6974990367889404
0.711604118347168
0.7516059875488281
0.659945011138916
0.5959250926971436
0.5953178405761719
0.5982959270477295
0.6681127548217773
0.6168110370635986
0.6107659339904785
0.6245858669281006
0.6437742710113525
0.7103559970855713
0.6411991119384766
0.6054704189300537
0.6645643711090088
0.647845983505249
0.5961148738861084
0.6031160354614258
0.5942561626434326
0.5961182117462158
0.5992798805236816
0.5960800647735596
0.7214798927307129
0.7324321269989014
0.5950169563293457
0.6872467994689941
0.6087520122528076
0.6098599433898926
0.6290807723999023
0.7086930274963379
0.7446608543395996
0.6860570907592773
0.6458301544189453
0.6447608470916748
0.6611089706420898
0.6100771427154541
0.597008228302002
0.6314723491668701
0.6025547981262207
0.6452031135559082
0.7646510601043701
0.649057149887085
0.597862958908081
0.5950987339019775
0.6438770294189453
0.6226990222930908
0.6116900444030762
0.6026797294616699
0.6454918384552002
0.6053071022033691
0.6639227867126465
0.6216599941253662
0.5954551696777344
0.6930868625640869
0.692620038986206
0.6347851753234863
0.5967607498168945
0.6071090698242188
0.5946619510650635
0.6437082290649414
0.6422913074493408
0.6823458671569824
0.6558449268341064
0.6518981456756592
0.6389122009277344
0.6480400562286377
0.6070330142974854
0.6938509941101074
0.6450071334838867
0.7117393016815186
0.6873369216918945
0.649867057800293
0.6000387668609619
0.6905391216278076
0.6180109977722168
0.5935699939727783
0.6422848701477051
0.6456201076507568
0.6919827461242676
0.656919002532959
0.6066670417785645
0.687114953994751
0.7181589603424072
0.6459672451019287
0.6125290393829346
0.6894636154174805
0.5958728790283203
0.6004469394683838
0.6547558307647705
0.5955491065979004
0.6142070293426514
0.5946862697601318
0.6231920719146729
0.612281084060669
0.5960698127746582
0.6451601982116699
0.6000549793243408
0.6178460121154785
0.6180832386016846
0.5949239730834961
0.5957927703857422
0.615556001663208
0.59686279296875
0.6934089660644531
0.6030480861663818
0.7203919887542725
0.5985231399536133
0.6064789295196533
0.6498448848724365
0.6996750831604004
0.5945188999176025
0.6209867000579834
0.6094739437103271
0.598315954208374
0.7170050144195557
0.5944161415100098
0.5955328941345215
0.6806020736694336
0.6227419376373291
0.6403372287750244
0.5983660221099854
0.613847017288208
0.7003598213195801
0.5958080291748047
0.5991790294647217
0.670738935470581
0.6077888011932373
0.6025018692016602
0.7213640213012695
0.645963191986084
0.6667869091033936
0.611840009689331
0.6006159782409668
0.6235980987548828
0.6249687671661377
0.6459090709686279
0.7057290077209473
0.6041381359100342
0.657045841217041
0.7063841819763184
0.6437561511993408
0.6664638519287109
0.5994598865509033
0.6436522006988525
0.6015510559082031
0.673713207244873
0.6477513313293457
0.7106292247772217
0.7515740394592285
0.6719381809234619
0.6054887771606445
0.6517961025238037
0.5956990718841553
0.6002278327941895
0.6416490077972412
0.5984182357788086
0.748953104019165
0.678441047668457
0.6447420120239258
0.6837842464447021
0.5949091911315918
0.6252319812774658
0.619438648223877
0.6448330879211426
0.7101919651031494
0.7025887966156006
0.6423039436340332
0.6459188461303711
0.6526620388031006
0.6093871593475342
0.6086921691894531
0.5962748527526855
0.646104097366333
0.6039140224456787
0.5987646579742432
0.6634349822998047
0.6894369125366211
0.6770141124725342
0.6478400230407715
0.6470808982849121
0.5967609882354736
0.7044799327850342
0.646867036819458
0.5971801280975342
0.7508971691131592
0.666236162185669
0.5992021560668945
0.5967578887939453
0.6050670146942139
0.6319670677185059
0.6485729217529297
0.6004571914672852
0.6492810249328613
0.5924749374389648
0.6085460186004639
0.6204068660736084
0.5993337631225586
0.6225018501281738
0.5977141857147217
0.6106078624725342
0.7356290817260742
0.6037039756774902
0.6308639049530029
0.613213062286377
0.7266380786895752
0.6463038921356201
0.6770632266998291
0.7403500080108643
0.7044169902801514
0.7495739459991455
0.6244590282440186
0.5999608039855957
0.7116343975067139
0.6054599285125732
0.6002476215362549
0.707650899887085
0.6472470760345459
0.7000830173492432
0.7116148471832275
0.603773832321167
0.7156307697296143
0.7461988925933838
0.6846070289611816
0.7401628494262695
0.6972970962524414
0.7171080112457275
0.6282169818878174
0.6905779838562012
0.6468369960784912
0.7163150310516357
0.6715939044952393
0.648280143737793
0.6995048522949219
0.6186947822570801
0.646345853805542
0.6049158573150635
0.5949759483337402
0.5987639427185059
0.605233907699585
0.6276588439941406
0.606316089630127
0.6229698657989502
0.6293289661407471
0.6501970291137695
0.6881029605865479
0.7028801441192627
0.6430099010467529
0.7581160068511963
0.6412267684936523
0.6414101123809814
0.8176620006561279
0.6876871585845947
0.6416149139404297
0.717803955078125
0.656580924987793
0.6019372940063477
0.6894662380218506
0.6861519813537598
0.5962929725646973
0.596343994140625
0.5972869396209717
0.5965092182159424
0.6870708465576172
0.651719331741333
0.7067718505859375
0.6861071586608887
0.6147189140319824
0.6013388633728027
0.618690013885498
0.5952401161193848
0.6528871059417725
0.6030981540679932
0.6425998210906982
0.6908700466156006
0.6442360877990723
0.715303897857666
0.7186968326568604
0.6871068477630615
0.6470918655395508
0.6943910121917725
0.7335801124572754
0.6369690895080566
0.6039588451385498
0.6840288639068604
0.5922408103942871
0.629040002822876
0.6129229068756104
0.5970098972320557
0.6104998588562012
0.6015470027923584
0.596038818359375
0.6675126552581787
0.6487250328063965
0.7117109298706055
0.6947009563446045
0.6461319923400879
0.7249438762664795
0.6725058555603027
0.6052441596984863
0.6200652122497559
0.6187143325805664
0.5970258712768555
0.6351861953735352
0.6006972789764404
0.6033010482788086
0.6087081432342529
0.6489641666412354
0.7499656677246094
0.6719558238983154
0.6441049575805664
0.694282054901123
0.6221041679382324
0.6002712249755859
0.6148648262023926
0.6132509708404541
0.5954031944274902
0.6356663703918457
