1.0319411754608154
0.5678069591522217
0.5611510276794434
0.5726969242095947
0.5168020725250244
0.5357999801635742
0.642035961151123
0.5632889270782471
0.6636598110198975
0.5980222225189209
0.5113589763641357
0.5151631832122803
0.5622148513793945
0.5139901638031006
0.5612328052520752
0.6355500221252441
0.5183761119842529
0.5893990993499756
0.612360954284668
0.5599122047424316
0.5129830837249756
0.515833854675293
0.574122428894043
0.5600597858428955
0.5641820430755615
0.5105690956115723
0.6053979396820068
0.6305761337280273
0.5590689182281494
0.5514161586761475
0.6073200702667236
0.5097498893737793
0.522050142288208
0.5138370990753174
0.6009938716888428
0.5986330509185791
0.5376138687133789
0.5126049518585205
0.601085901260376
0.525738000869751
0.6043620109558105
0.5220670700073242
0.5118420124053955
0.5116939544677734
0.6028299331665039
0.6170401573181152
0.5127291679382324
0.6212048530578613
0.5190908908843994
0.5986061096191406
0.5200469493865967
0.6165318489074707
0.6144592761993408
0.5111799240112305
0.5197262763977051
0.5112268924713135
0.6092028617858887
0.6134862899780273
0.6141602993011475
0.6140720844268799
0.5106010437011719
0.6311960220336914
0.5165660381317139
0.5126540660858154
0.5584182739257812
0.6643180847167969
0.6059162616729736
0.5280239582061768
0.6577000617980957
0.5131649971008301
0.5353038311004639
0.5231320858001709
0.7551796436309814
0.5467851161956787
0.5088329315185547
0.5442578792572021
0.6162619590759277
0.6638998985290527
0.5109009742736816
0.576509952545166
0.5125765800476074
0.5087621212005615
0.6204140186309814
0.5093202590942383
0.5913119316101074
0.5224161148071289
0.632803201675415
0.5971148014068604
0.5109689235687256
0.6160140037536621
0.5107531547546387
0.5115931034088135
0.5131006240844727
0.6047077178955078
0.5222558975219727
0.5577027797698975
0.5150070190429688
0.5649228096008301
0.624427080154419
0.5575699806213379
0.559175968170166
0.5143051147460938
0.5984048843383789
0.5264050960540771
0.6033761501312256
0.5113170146942139
0.6188821792602539
0.522233247756958
0.5119390487670898
0.558692216873169
0.5118520259857178
0.5553860664367676
0.5158348083496094
0.5107216835021973
0.5127561092376709
0.5114498138427734
0.5285229682922363
0.5174610614776611
0.5599918365478516
0.5839879512786865
0.5810539722442627
0.5143847465515137
0.514272928237915
0.509253740310669
0.5256989002227783
0.512408971786499
0.5166771411895752
0.5578842163085938
0.5149309635162354
0.5108389854431152
0.531160831451416
0.5262720584869385
0.6250519752502441
0.5120871067047119
0.5926742553710938
0.512127161026001
0.5121450424194336
0.5084438323974609
0.5099868774414062
0.639462947845459
0.5595922470092773
0.5487217903137207
0.5642087459564209
0.5695397853851318
0.6029481887817383
0.5115530490875244
0.640733003616333
0.5104072093963623
0.5092000961303711
0.5111379623413086
0.6031312942504883
0.5163140296936035
0.6001849174499512
0.6253900527954102
0.5579230785369873
0.5702657699584961
0.562791109085083
0.5602700710296631
0.5824451446533203
0.563361644744873
0.598391056060791
0.5589420795440674
0.5651509761810303
0.5133719444274902
0.6067640781402588
0.5202548503875732
0.6134991645812988
0.6129229068756104
0.5122928619384766
0.607025146484375
0.511451244354248
0.6127679347991943
0.5573780536651611
0.5118100643157959
0.5438647270202637
0.5139462947845459
0.5372540950775146
0.6135492324829102
0.5137219429016113
0.5117356777191162
0.6169681549072266
0.6424577236175537
0.7304320335388184
0.5146582126617432
0.5582559108734131
0.5128800868988037
0.5572340488433838
0.739138126373291
0.5172328948974609
0.5099561214447021
0.5560071468353271
0.513031005859375
0.6044840812683105
0.5238900184631348
0.6057658195495605
0.5117270946502686
0.6148819923400879
0.5220263004302979
0.5102951526641846
0.5604648590087891
0.5587520599365234
0.5117321014404297
0.565026044845581
0.5140788555145264
0.512033224105835
0.556859016418457
0.5606470108032227
0.5673720836639404
0.6130650043487549
0.5200519561767578
0.6298849582672119
0.5994627475738525
0.6300098896026611
0.5145530700683594
0.5593888759613037
0.5401730537414551
0.5107917785644531
0.6150491237640381
0.5102322101593018
0.6161439418792725
0.5224020481109619
0.603971004486084
0.5228970050811768
0.6127307415008545
0.7144589424133301
0.5102698802947998
0.5091028213500977
0.5567810535430908
0.5302760601043701
0.5094780921936035
0.5724129676818848
0.5712671279907227
0.5114960670471191
0.5116660594940186
0.5599868297576904
0.508512020111084
0.5408220291137695
0.559006929397583
0.510037899017334
0.5574829578399658
0.5121448040008545
0.5085229873657227
0.5076169967651367
0.5106618404388428
0.572490930557251
0.5097308158874512
0.5100569725036621
0.5553557872772217
0.5234689712524414
0.5108840465545654
0.5133130550384521
0.5110840797424316
0.5265090465545654
0.5071709156036377
0.5089850425720215
0.5555648803710938
0.5283451080322266
0.6235349178314209
0.6252050399780273
0.5108139514923096
0.6191420555114746
0.5125889778137207
0.5142419338226318
0.5141119956970215
0.5314137935638428
0.5892579555511475
0.5087599754333496
0.5943360328674316
0.5623209476470947
0.5630288124084473
0.507746696472168
0.5123550891876221
0.5292549133300781
0.6013157367706299
0.5606238842010498
0.5134000778198242
0.5098402500152588
0.5564501285552979
0.5161948204040527
0.5281589031219482
0.5751900672912598
0.5581760406494141
0.5084948539733887
0.5121667385101318
0.6065897941589355
0.5627298355102539
0.5117411613464355
0.5455491542816162
0.5108540058135986
0.5356249809265137
0.6261029243469238
0.5587012767791748
0.5532491207122803
0.5522060394287109
0.5102837085723877
0.5783588886260986
0.6122980117797852
0.6343529224395752
0.5117020606994629
0.5557432174682617
0.5414159297943115
0.624812126159668
0.5678410530090332
0.5480177402496338
0.5237131118774414
0.6065175533294678
0.5172119140625
0.6069839000701904
0.5096392631530762
0.6379661560058594
0.6152911186218262
0.5631041526794434
0.5121030807495117
0.5132906436920166
0.5458879470825195
0.5131740570068359
0.5585460662841797
0.5848262310028076
0.599052906036377
0.6145117282867432
0.6126742362976074
0.6283388137817383
0.5133481025695801
0.5877542495727539
0.512153148651123
0.5149729251861572
0.5124926567077637
0.5597689151763916
0.519629955291748
0.5133728981018066
0.5106909275054932
0.5118920803070068
0.5799469947814941
0.5185978412628174
0.583137035369873
0.5114920139312744
0.6273491382598877
0.6145780086517334
0.5110888481140137
0.6064889430999756
0.564647912979126
0.5692322254180908
0.6277329921722412
0.570695161819458
0.5131709575653076
0.5118942260742188
0.5420551300048828
0.6130077838897705
0.5131731033325195
0.5181951522827148
0.5977509021759033
0.5180130004882812
0.6214919090270996
0.603477954864502
0.5140359401702881
0.6216681003570557
0.5116143226623535
0.5126559734344482
0.5120370388031006
0.6044070720672607
0.5198891162872314
0.5996661186218262
0.6281228065490723
0.5105969905853271
0.5145699977874756
0.5125842094421387
0.5095858573913574
0.5137290954589844
0.6241681575775146
0.5611639022827148
0.5463171005249023
0.6231458187103271
0.5083460807800293
0.559863805770874
0.5083410739898682
0.5850181579589844
0.511005163192749
0.5923142433166504
0.5108609199523926
0.6266219615936279
0.615523099899292
0.5377151966094971
0.5619070529937744
0.5125582218170166
0.5284469127655029
0.5214200019836426
0.5148358345031738
0.5129938125610352
0.6001977920532227
0.6268718242645264
0.5196337699890137
0.605924129486084
0.5141932964324951
0.6356558799743652
0.5130319595336914
0.5794241428375244
0.5695381164550781
0.5813779830932617
0.5982158184051514
0.5113699436187744
0.6312220096588135
0.5579330921173096
0.5638270378112793
0.5955047607421875
0.5405189990997314
0.5131001472473145
0.5144388675689697
0.5607020854949951
0.560157060623169
0.5852522850036621
0.5227758884429932
0.5130481719970703
0.5100851058959961
0.6034350395202637
0.5249559879302979
0.5940532684326172
0.5120539665222168
0.5615649223327637
0.5817809104919434
0.5128090381622314
0.5125949382781982
0.512782096862793
0.6283450126647949
0.511228084564209
0.5994551181793213
0.6036808490753174
0.5105080604553223
0.6265296936035156
0.51363205909729
0.6016700267791748
0.5115818977355957
0.6146199703216553
0.5160229206085205
0.5104777812957764
0.6175029277801514
0.557593822479248
0.5744729042053223
0.557614803314209
0.5588080883026123
0.5230598449707031
0.5110409259796143
0.6163361072540283
0.5433681011199951
0.5821161270141602
0.5091822147369385
0.6161878108978271
0.6166877746582031
0.6150448322296143
0.6127560138702393
0.5100741386413574
0.6165492534637451
0.5628573894500732
0.5561649799346924
0.520136833190918
0.6131350994110107
0.6155390739440918
0.511110782623291
0.6153991222381592
0.559279203414917
0.5089499950408936
0.5109162330627441
0.5653030872344971
0.5168538093566895
0.6024110317230225
0.5088691711425781
0.6265318393707275
0.6157276630401611
0.5144081115722656
0.5121030807495117
0.5115630626678467
0.6233279705047607
0.5090930461883545
0.6083660125732422
0.6154098510742188
0.5100991725921631
0.6264379024505615
0.5632128715515137
0.5139880180358887
0.5600700378417969
0.5947949886322021
0.6233317852020264
0.5131399631500244
0.6274311542510986
0.5105290412902832
0.5896749496459961
0.5115461349487305
0.6177489757537842
0.6228780746459961
0.5142829418182373
0.6254792213439941
0.599329948425293
0.6281037330627441
0.6012818813323975
0.5193181037902832
0.5620248317718506
0.5573089122772217
0.6039299964904785
0.5203690528869629
0.609687089920044
0.6222779750823975
0.5072247982025146
0.6187641620635986
0.6144189834594727
0.6551351547241211
0.5126667022705078
0.5127530097961426
0.5858960151672363
0.5596401691436768
0.6704351902008057
0.5479462146759033
0.5633368492126465
0.5106658935546875
0.626431941986084
0.6379048824310303
0.5098059177398682
0.5953600406646729
0.5097899436950684
0.6096608638763428
0.5140032768249512
0.5974299907684326
0.6198310852050781
0.5136630535125732
0.516171932220459
0.6100947856903076
0.6049611568450928
0.6252181529998779
0.5265059471130371
0.6122550964355469
0.511009931564331
0.6045329570770264
0.6109092235565186
0.6146707534790039
0.6157078742980957
0.5112349987030029
0.6284379959106445
0.5609431266784668
0.5126960277557373
0.5235881805419922
0.561730146408081
0.5185956954956055
0.5774540901184082
0.6238608360290527
0.5621061325073242
0.5143451690673828
0.5606482028961182
0.6079633235931396
0.5141019821166992
0.6083409786224365
0.509990930557251
0.5754299163818359
0.5646250247955322
0.5616230964660645
0.5557880401611328
0.5618360042572021
0.512037992477417
0.5125961303710938
0.5945489406585693
0.5906968116760254
0.5559389591217041
0.5124616622924805
0.509070873260498
0.5837860107421875
0.559455156326294
0.5146331787109375
0.510883092880249
0.5116946697235107
0.5108909606933594
0.5713973045349121
0.5186090469360352
0.603640079498291
0.5939979553222656
0.5573058128356934
0.578481912612915
0.6267290115356445
0.5901408195495605
0.522183895111084
0.6039080619812012
0.6243786811828613
0.5113101005554199
0.630789041519165
0.5116031169891357
0.5899770259857178
0.5252459049224854
0.5710220336914062
0.5513629913330078
0.5123190879821777
0.6161739826202393
0.5130510330200195
0.6061129570007324
0.5196049213409424
0.6302518844604492
0.512362003326416
0.5128068923950195
0.5986328125
0.5263118743896484
0.5980908870697021
0.5111958980560303
0.6296069622039795
0.5573101043701172
0.5540661811828613
0.6174747943878174
0.5099899768829346
0.6124858856201172
0.6147332191467285
0.6021850109100342
0.5481789112091064
0.5159177780151367
0.5118148326873779
0.5648372173309326
0.5356240272521973
0.5680341720581055
0.661283016204834
0.5144400596618652
0.6253890991210938
0.5996439456939697
0.6723999977111816
0.7304959297180176
0.5288436412811279
0.5621609687805176
0.5680289268493652
0.5095231533050537
0.6438579559326172
0.5099327564239502
0.5496819019317627
0.511638879776001
0.5513548851013184
0.5236737728118896
0.5819408893585205
0.5579540729522705
0.5107219219207764
0.6015298366546631
0.512260913848877
0.5609829425811768
0.5120160579681396
0.5553641319274902
0.5181171894073486
0.6176822185516357
0.6030371189117432
0.5112676620483398
0.6176619529724121
0.5154480934143066
0.5180869102478027
0.5114090442657471
0.6025910377502441
0.5106711387634277
0.5133399963378906
0.6275959014892578
0.5734210014343262
0.5484969615936279
0.5130958557128906
0.512648344039917
0.514876127243042
0.6128630638122559
0.512164831161499
0.6059908866882324
0.6220710277557373
0.5103359222412109
0.6211700439453125
0.5621843338012695
0.5125832557678223
0.5218710899353027
0.5661730766296387
0.5545880794525146
0.508263349533081
0.5588521957397461
0.613253116607666
0.6245880126953125
0.5133004188537598
0.5931851863861084
0.5218350887298584
0.5998849868774414
0.6404061317443848
0.5082600116729736
0.6195399761199951
0.5117189884185791
0.5147130489349365
0.511009931564331
0.6025259494781494
0.5875687599182129
0.508979320526123
0.5580308437347412
0.5121769905090332
0.5248420238494873
0.5111789703369141
0.5612001419067383
0.555145263671875
0.515679121017456
0.5119221210479736
0.5112578868865967
0.5114791393280029
0.5284011363983154
0.5090551376342773
0.5113160610198975
0.5104849338531494
0.528231143951416
0.5106711387634277
0.5597341060638428
0.5127599239349365
0.5105857849121094
0.5186910629272461
0.5088419914245605
0.510699987411499
0.5095338821411133
0.5280430316925049
0.525022029876709
0.5125977993011475
0.5102510452270508
0.524940013885498
0.5097000598907471
0.5096397399902344
0.5146141052246094
0.5296378135681152
0.5096559524536133
0.705496072769165
0.508368968963623
0.5105836391448975
0.5089960098266602
0.644111156463623
0.5476169586181641
0.512397050857544
0.5570571422576904
0.5126132965087891
0.5561490058898926
0.5591607093811035
0.5093719959259033
0.5132098197937012
0.5146329402923584
0.514733076095581
0.5592429637908936
0.49640703201293945
0.512070894241333
0.5118858814239502
0.5148978233337402
0.513200044631958
0.5587310791015625
0.5154979228973389
0.5108301639556885
0.509239912033081
0.5113191604614258
0.5277950763702393
0.5086500644683838
0.5107541084289551
0.5579779148101807
0.5237030982971191
0.5071580410003662
0.5120387077331543
0.5105330944061279
0.5290868282318115
0.5126399993896484
0.5626468658447266
0.5565471649169922
0.516556978225708
0.5741207599639893
0.5142199993133545
0.5086662769317627
0.5127389430999756
0.5881826877593994
0.5595798492431641
0.5100009441375732
0.5100820064544678
0.508847713470459
0.5741767883300781
0.556685209274292
0.5709400177001953
0.5107860565185547
0.51397705078125
0.5128257274627686
0.5253748893737793
0.587522029876709
0.5578911304473877
0.5956480503082275
0.5162720680236816
0.5103669166564941
0.5104110240936279
0.509519100189209
0.5700609683990479
0.5145242214202881
0.5633549690246582
0.509652853012085
0.5144920349121094
0.5161030292510986
0.5118160247802734
0.513667106628418
0.5268869400024414
0.5613460540771484
0.5144500732421875
0.510998010635376
0.552980899810791
0.5561132431030273
0.5113649368286133
0.5545518398284912
0.5127458572387695
0.5101809501647949
0.5141139030456543
0.5144670009613037
0.5627660751342773
0.5441269874572754
0.5346050262451172
0.5091629028320312
0.5122029781341553
0.5095169544219971
0.508347749710083
0.5071609020233154
0.5347001552581787
0.5105726718902588
0.5562303066253662
0.5110108852386475
0.5220370292663574
0.5592200756072998
0.512444019317627
0.5610706806182861
0.5570809841156006
0.513404130935669
0.5100440979003906
0.5573832988739014
0.5558919906616211
0.5180699825286865
0.5598289966583252
0.5087871551513672
0.5558221340179443
0.6083898544311523
0.5576462745666504
0.51068115234375
0.5663762092590332
0.5110790729522705
0.5094101428985596
0.5128669738769531
0.5407640933990479
0.5078949928283691
0.5124542713165283
0.558272123336792
0.513214111328125
0.5085189342498779
0.5105330944061279
0.5092980861663818
0.5305032730102539
0.5133199691772461
0.5131540298461914
0.5094738006591797
0.5459461212158203
0.5120761394500732
0.5093779563903809
0.5126361846923828
0.5281798839569092
0.5840249061584473
0.561211109161377
0.5112111568450928
0.5569610595703125
0.5127899646759033
0.5109570026397705
0.5214509963989258
0.527169942855835
0.5565829277038574
0.5577478408813477
0.5128531455993652
0.5083861351013184
0.5101730823516846
0.5138201713562012
0.5106973648071289
0.5324180126190186
0.5131039619445801
0.5120060443878174
0.5079290866851807
0.6008238792419434
0.5104990005493164
0.5987770557403564
0.5358610153198242
0.5130198001861572
0.5093250274658203
0.5073459148406982
0.6098051071166992
0.510004997253418
0.5195372104644775
0.5593469142913818
0.5154869556427002
0.5688338279724121
0.5125439167022705
0.5572211742401123
0.5124940872192383
0.5187809467315674
0.5753078460693359
0.5115928649902344
0.5085000991821289
0.6183209419250488
0.5152359008789062
0.5116069316864014
0.5199341773986816
0.566648006439209
0.5104069709777832
0.507849931716919
0.5126147270202637
0.545900821685791
0.5137820243835449
0.509768009185791
0.5094621181488037
0.5695762634277344
0.5433571338653564
0.5603039264678955
0.5424251556396484
0.5126750469207764
0.5468878746032715
0.627997875213623
0.511530876159668
0.5079128742218018
0.5955889225006104
0.5578103065490723
0.5098509788513184
0.5085639953613281
0.5757629871368408
0.6230063438415527
0.6143898963928223
0.5104219913482666
0.5099551677703857
0.5689599514007568
0.5068330764770508
0.5160858631134033
0.5102260112762451
0.5106801986694336
0.5561468601226807
0.5220301151275635
0.5102667808532715
0.5079059600830078
0.5094668865203857
0.5306739807128906
0.561150074005127
0.5162479877471924
0.5153148174285889
0.514031171798706
0.5438406467437744
0.6125037670135498
0.5146968364715576
0.5104360580444336
0.5340611934661865
0.5083200931549072
0.5892002582550049
0.5199699401855469
0.5696401596069336
0.5572853088378906
0.5107300281524658
0.6133871078491211
0.5101261138916016
0.6215300559997559
0.511789083480835
0.5138139724731445
0.6060340404510498
0.5682129859924316
0.5727200508117676
0.5105571746826172
0.5100488662719727
0.512984037399292
0.5093791484832764
0.5890810489654541
0.6361918449401855
0.5147452354431152
0.6234219074249268
0.5091230869293213
0.5572009086608887
0.548743724822998
0.5146830081939697
0.632556676864624
0.5156960487365723
0.6113059520721436
0.6146681308746338
0.5614950656890869
0.5095410346984863
0.5162019729614258
0.511566162109375
0.5241951942443848
0.5293922424316406
0.5116100311279297
0.5593080520629883
0.5115249156951904
0.5145070552825928
0.5124850273132324
0.5152208805084229
0.5261538028717041
0.5117831230163574
0.5132269859313965
0.5573031902313232
0.524925947189331
0.5117292404174805
0.5576760768890381
0.515753984451294
0.5197839736938477
0.511085033416748
0.5091550350189209
0.5117790699005127
0.5275928974151611
0.5674440860748291
0.5124521255493164
0.5124397277832031
0.5235769748687744
0.5097358226776123
0.5578930377960205
0.5153379440307617
0.5193791389465332
0.5108001232147217
0.5129599571228027
0.507847785949707
0.5273211002349854
