0.47883009910583496
0.6123561859130859
0.4258239269256592
0.5970380306243896
0.482266902923584
0.4262068271636963
0.4989311695098877
0.5394871234893799
0.48584818840026855
0.537106990814209
0.4712071418762207
0.5196290016174316
0.42678403854370117
0.6275720596313477
0.42369794845581055
0.5062861442565918
0.4976999759674072
0.5523581504821777
0.42539477348327637
0.5667428970336914
0.42555689811706543
0.5982108116149902
0.42159223556518555
0.6027071475982666
1.0223138332366943
0.42210817337036133
0.6009869575500488
0.42371702194213867
0.600031852722168
0.4267399311065674
0.5963730812072754
0.4215967655181885
0.6036281585693359
0.5177421569824219
0.5097830295562744
0.5075252056121826
0.520097017288208
0.5041899681091309
0.5190770626068115
0.5046200752258301
0.5469510555267334
0.4222409725189209
0.47142982482910156
0.5068769454956055
0.5173230171203613
0.5067250728607178
0.5186171531677246
0.5038940906524658
0.47993016242980957
0.425447940826416
0.4266490936279297
0.42195606231689453
0.5014662742614746
0.44306302070617676
0.5821330547332764
0.47007107734680176
0.5550479888916016
0.42264413833618164
0.42261767387390137
0.5849037170410156
0.6109941005706787
0.4740138053894043
0.6535561084747314
0.42191386222839355
0.6040558815002441
0.4218437671661377
0.4974689483642578
0.4231078624725342
0.42114686965942383
0.510735034942627
0.5195300579071045
0.4516012668609619
0.4227421283721924
0.42789602279663086
0.5094010829925537
0.5430641174316406
0.4247159957885742
0.42279505729675293
0.45595407485961914
0.5411300659179688
0.4234001636505127
0.5206420421600342
0.42111897468566895
0.4743189811706543
0.4746370315551758
0.4225311279296875
0.42083215713500977
0.4957699775695801
0.5434119701385498
0.5849711894989014
0.6145710945129395
0.5152609348297119
0.42390012741088867
0.594768762588501
0.5116851329803467
0.5122570991516113
0.6178607940673828
0.612062931060791
0.6153721809387207
0.4238619804382324
0.4990811347961426
0.4329109191894531
0.5883550643920898
0.4969658851623535
0.4213109016418457
0.42084407806396484
0.5052249431610107
0.6123600006103516
0.46048426628112793
0.49527812004089355
0.48693299293518066
0.42251110076904297
0.49240684509277344
0.6133618354797363
0.6127228736877441
0.42245912551879883
0.6072371006011963
0.42293500900268555
0.5954990386962891
0.4214158058166504
0.5043857097625732
0.44458794593811035
0.5769548416137695
0.4253697395324707
0.42299318313598633
0.5137262344360352
0.5817627906799316
0.47522783279418945
0.5483858585357666
0.5054628849029541
0.6206059455871582
0.5463271141052246
0.4521942138671875
0.4262559413909912
0.623183012008667
0.4290180206298828
0.59440016746521
0.47276806831359863
0.45751500129699707
0.42720532417297363
0.5906450748443604
0.6146049499511719
0.517549991607666
0.5061440467834473
0.5167341232299805
0.5075867176055908
0.5181000232696533
0.506964921951294
0.5146310329437256
0.475344181060791
0.4269731044769287
0.42448925971984863
0.42651820182800293
0.42816901206970215
0.4254798889160156
0.4266078472137451
0.4722709655761719
0.5095131397247314
0.4741532802581787
0.4746971130371094
0.42478418350219727
0.47455477714538574
0.426746129989624
0.4638237953186035
0.4259982109069824
0.47372913360595703
0.5314769744873047
0.6144180297851562
0.4272298812866211
0.5050451755523682
0.4340691566467285
0.5814919471740723
0.5401239395141602
0.5838899612426758
0.5133988857269287
0.561729907989502
0.463594913482666
0.5165188312530518
0.43338823318481445
0.48279309272766113
0.6159429550170898
0.6126680374145508
0.5103158950805664
0.4886140823364258
0.5350780487060547
0.504194974899292
0.5279762744903564
0.4996650218963623
0.6204848289489746
0.427717924118042
0.5960619449615479
0.6152279376983643
0.5496618747711182
0.5795817375183105
0.5166089534759521
0.4264838695526123
0.4233109951019287
0.47435522079467773
0.5147759914398193
0.5089771747589111
0.5560827255249023
0.46682214736938477
0.4253730773925781
0.4950132369995117
0.5197591781616211
0.5029370784759521
0.5185496807098389
0.5061061382293701
0.5664980411529541
0.45969200134277344
0.5205931663513184
0.5031521320343018
0.5166277885437012
0.42501091957092285
0.5215728282928467
0.4282689094543457
0.5653424263000488
0.5131151676177979
0.5450561046600342
0.4781341552734375
0.4564199447631836
0.46288394927978516
0.6020522117614746
0.5241780281066895
0.6147570610046387
0.6172699928283691
0.42771410942077637
0.5010249614715576
0.4679751396179199
0.5477340221405029
0.49600887298583984
0.6312527656555176
0.42789578437805176
0.5967381000518799
0.4275527000427246
0.4924468994140625
0.47504210472106934
0.4264829158782959
0.4281001091003418
0.47310423851013184
0.42650699615478516
0.4255099296569824
0.4262981414794922
0.42792510986328125
0.4253199100494385
0.47354578971862793
0.4276001453399658
0.4262421131134033
0.42676877975463867
0.4305598735809326
0.42447686195373535
0.42655205726623535
0.4248671531677246
0.4731028079986572
0.4767119884490967
0.42602086067199707
0.4271678924560547
0.4264109134674072
0.4271697998046875
0.47132205963134766
0.47399091720581055
0.4260711669921875
0.4262080192565918
0.42629480361938477
0.42656683921813965
0.42460083961486816
0.42723989486694336
0.5772380828857422
0.6136879920959473
0.6124470233917236
0.5171468257904053
0.42725610733032227
0.49158668518066406
0.426440954208374
0.49475717544555664
0.46276307106018066
0.4568510055541992
0.5436820983886719
0.4251251220703125
0.4780580997467041
0.47495031356811523
0.44251489639282227
0.4275546073913574
0.5889060497283936
0.4250319004058838
0.5995221138000488
0.4280252456665039
0.5955979824066162
0.5411269664764404
0.42797017097473145
0.4270029067993164
0.49529004096984863
0.42900586128234863
0.4259650707244873
0.4252612590789795
0.4271550178527832
0.5037388801574707
0.50307297706604
0.5574111938476562
0.469620943069458
0.4302687644958496
0.4291238784790039
0.4683969020843506
0.431685209274292
0.592156171798706
0.42874860763549805
0.5956699848175049
0.5459868907928467
0.5580382347106934
0.474287748336792
0.537524938583374
0.4270029067993164
0.5366289615631104
0.5044970512390137
0.5242190361022949
0.49902987480163574
0.5468261241912842
0.47629380226135254
0.5450878143310547
0.5842280387878418
0.6118810176849365
0.5214729309082031
0.42936015129089355
0.48987698554992676
0.42868471145629883
0.4271519184112549
0.4761018753051758
0.42702507972717285
0.5320072174072266
0.47132420539855957
0.5387129783630371
0.48224878311157227
0.5189728736877441
0.5038690567016602
0.5460200309753418
0.42919182777404785
0.5101897716522217
0.45450305938720703
0.5173370838165283
0.6164040565490723
0.5198400020599365
0.5025920867919922
0.6134040355682373
0.6169760227203369
0.4288647174835205
0.5229461193084717
0.42765092849731445
0.46267080307006836
0.4666588306427002
0.42412900924682617
0.4263002872467041
0.524777889251709
0.4748389720916748
0.4476139545440674
0.42647695541381836
0.4303748607635498
0.4817328453063965
0.42484402656555176
0.4275550842285156
0.47658276557922363
0.42825794219970703
0.49634790420532227
0.504187822341919
0.5184938907623291
0.5035059452056885
0.5501449108123779
0.4272429943084717
0.4648098945617676
0.4242520332336426
0.4891641139984131
0.6143059730529785
0.5447850227355957
0.5224571228027344
0.4286990165710449
0.45105981826782227
0.5409188270568848
0.42618703842163086
0.5513107776641846
0.5270562171936035
0.518298864364624
0.5090231895446777
0.540623664855957
0.42489075660705566
0.428142786026001
0.42809081077575684
0.5308129787445068
0.42749714851379395
0.427325963973999
0.48317480087280273
0.5079853534698486
0.5055210590362549
0.47233104705810547
0.5566859245300293
0.4997880458831787
0.47109293937683105
0.5636100769042969
0.43807291984558105
0.42847299575805664
0.5687711238861084
0.48424816131591797
0.5398528575897217
0.5203409194946289
0.456571102142334
0.5596537590026855
0.44069600105285645
0.5837740898132324
0.42532992362976074
0.5963671207427979
0.4311339855194092
0.5930769443511963
0.4279351234436035
0.5974268913269043
0.42490410804748535
0.5271279811859131
0.4254920482635498
0.42932796478271484
0.42515110969543457
0.4277689456939697
0.516984224319458
0.4252963066101074
0.493969202041626
0.5084972381591797
0.5113940238952637
0.42545390129089355
0.49967479705810547
0.6118290424346924
0.5191459655761719
0.5072331428527832
0.61191725730896
0.6165587902069092
0.42941904067993164
0.594689130783081
0.428386926651001
0.5283329486846924
0.42701292037963867
0.4570441246032715
0.49538302421569824
0.4290177822113037
0.5186381340026855
0.6069920063018799
0.5103850364685059
0.6167809963226318
0.426743745803833
0.4986858367919922
0.4739339351654053
0.5461130142211914
0.4270608425140381
0.596092939376831
0.4254007339477539
0.4284677505493164
0.5789508819580078
0.6152732372283936
0.42580604553222656
0.42604613304138184
0.42577195167541504
0.5651140213012695
0.5108909606933594
0.42784595489501953
0.430142879486084
0.42870497703552246
0.4637339115142822
0.5028359889984131
0.5454599857330322
0.431380033493042
0.5605299472808838
0.42819714546203613
0.49941086769104004
0.5031542778015137
0.44969606399536133
0.42905592918395996
0.5563380718231201
0.6142129898071289
0.4898860454559326
0.53249192237854
0.4262242317199707
0.4971890449523926
0.516686201095581
0.4861469268798828
0.42604804039001465
0.42546606063842773
0.6018223762512207
0.43018221855163574
0.42870402336120605
0.435560941696167
0.5479953289031982
0.4802560806274414
0.5472209453582764
0.43471813201904297
0.5886569023132324
0.47239089012145996
0.42681431770324707
0.5328128337860107
0.6164059638977051
0.47621726989746094
0.5107569694519043
0.42796874046325684
0.48221373558044434
0.4277679920196533
0.4703218936920166
0.4266490936279297
0.5632798671722412
0.5217170715332031
0.6068868637084961
0.42701005935668945
0.5966219902038574
0.4278242588043213
0.5960109233856201
0.42809391021728516
0.595308780670166
0.42581915855407715
0.5035629272460938
0.5172328948974609
0.603234052658081
0.4267597198486328
0.4261171817779541
0.580888032913208
0.5106902122497559
0.42787623405456543
0.5792579650878906
0.4246702194213867
0.6147439479827881
0.42926597595214844
0.4940190315246582
0.4825448989868164
0.6416571140289307
0.428009033203125
0.5967998504638672
0.6152267456054688
0.5206868648529053
0.503061056137085
0.6139483451843262
0.6145527362823486
0.47662997245788574
0.5100071430206299
0.4284520149230957
0.6306660175323486
0.4272499084472656
0.42612123489379883
0.4893839359283447
0.6030640602111816
0.47307586669921875
0.426616907119751
0.5228838920593262
0.42684268951416016
0.42690086364746094
0.4886350631713867
0.5208098888397217
0.4262998104095459
0.49684882164001465
0.5034570693969727
0.5195767879486084
0.5058870315551758
0.5164227485656738
0.5067498683929443
0.6124391555786133
0.4262349605560303
0.5988821983337402
0.6126201152801514
0.42647576332092285
0.5987787246704102
0.4253711700439453
0.5254852771759033
0.4299278259277344
0.5626859664916992
0.4258260726928711
0.5980720520019531
0.47361016273498535
0.5497090816497803
0.4291250705718994
0.5953831672668457
0.4293818473815918
0.5969040393829346
0.47435975074768066
0.5487959384918213
0.6153271198272705
0.47579503059387207
0.4261479377746582
0.5315377712249756
0.4263601303100586
0.49315881729125977
0.42377614974975586
0.6027841567993164
0.6141340732574463
0.5171940326690674
0.4365420341491699
0.42629313468933105
0.42594385147094727
0.44399499893188477
0.42877697944641113
0.5874440670013428
0.42417097091674805
0.6071460247039795
0.4275379180908203
0.5572481155395508
0.4243600368499756
0.5372579097747803
0.478269100189209
0.4240119457244873
0.4373140335083008
0.4253661632537842
0.6201481819152832
0.584913969039917
0.5205519199371338
0.6049883365631104
0.43137097358703613
0.49036288261413574
0.42725181579589844
0.426494836807251
0.42697811126708984
0.4262349605560303
0.5461633205413818
0.5114052295684814
0.5202035903930664
0.5034370422363281
0.5426058769226074
0.425368070602417
0.47132086753845215
0.5060396194458008
0.5456569194793701
0.5807619094848633
0.6144039630889893
0.6140241622924805
0.4721648693084717
0.4554011821746826
0.42529988288879395
0.49032068252563477
0.49335193634033203
0.5307109355926514
0.4760158061981201
0.4537813663482666
0.5108330249786377
0.6071839332580566
0.4748690128326416
0.4548499584197998
0.4902951717376709
0.6284749507904053
0.512152910232544
0.6142048835754395
0.5117847919464111
0.5137321949005127
0.4235501289367676
0.4960181713104248
0.42828989028930664
0.5062000751495361
0.424807071685791
0.5879940986633301
0.42629003524780273
0.5975112915039062
0.4280211925506592
0.5676817893981934
0.42563509941101074
0.6269710063934326
0.6139280796051025
0.4767940044403076
0.4451940059661865
0.5816559791564941
0.44034504890441895
0.5590779781341553
0.5666370391845703
0.5210227966308594
0.5056140422821045
0.6144618988037109
0.614936113357544
0.4247720241546631
0.5990180969238281
0.42856717109680176
0.5954649448394775
0.42814111709594727
0.4267590045928955
0.48056983947753906
0.607698917388916
0.4260883331298828
0.5999438762664795
0.42882204055786133
0.4741668701171875
0.4286830425262451
0.6135339736938477
0.4295618534088135
0.593775749206543
0.42669200897216797
0.5410947799682617
0.42995691299438477
0.4765908718109131
0.42545199394226074
0.46258091926574707
0.5463080406188965
0.5810213088989258
0.4259798526763916
0.46470093727111816
0.546180009841919
0.6128430366516113
0.47361183166503906
0.6504325866699219
0.5005619525909424
0.5748631954193115
0.4261820316314697
0.523068904876709
0.5103390216827393
0.4889352321624756
0.42742490768432617
0.4253847599029541
0.424454927444458
0.6157848834991455
0.43042802810668945
0.507659912109375
0.4381420612335205
0.5688591003417969
0.4310319423675537
0.5911529064178467
0.42575693130493164
0.6006481647491455
0.4243929386138916
0.5952539443969727
0.4286038875579834
0.428408145904541
0.48562097549438477
0.6043241024017334
0.42786312103271484
0.5983889102935791
0.4300081729888916
0.5933010578155518
0.42520880699157715
0.5995466709136963
0.42704105377197266
0.5962018966674805
0.4270811080932617
0.4952421188354492
0.4393959045410156
0.48017001152038574
0.436826229095459
0.4918332099914551
0.5155231952667236
0.6060609817504883
0.4708220958709717
0.5529627799987793
0.47312021255493164
0.5501968860626221
0.4294159412384033
0.5950400829315186
0.430833101272583
0.5925099849700928
0.47485804557800293
0.45293092727661133
0.4718961715698242
0.4258108139038086
0.4963529109954834
0.5430872440338135
0.42653727531433105
0.5030419826507568
0.4275550842285156
0.5889327526092529
0.5208859443664551
0.6070451736450195
0.4715759754180908
0.5512008666992188
0.47684407234191895
0.5491609573364258
0.4271988868713379
0.428372859954834
0.4260067939758301
0.42583513259887695
0.4257211685180664
0.4300510883331299
0.42674708366394043
0.424854040145874
0.4251060485839844
0.4755680561065674
0.4318971633911133
0.4278719425201416
0.4271421432495117
0.42911577224731445
0.4745621681213379
0.4246830940246582
0.4261739253997803
0.4239838123321533
0.4731628894805908
0.4281747341156006
0.42546606063842773
0.42586803436279297
0.42556214332580566
0.4286167621612549
0.4297630786895752
0.4280381202697754
0.4364743232727051
0.42904114723205566
0.42723894119262695
0.4267311096191406
0.4290480613708496
0.5989391803741455
0.47346997261047363
0.6562659740447998
0.6097211837768555
0.5175521373748779
0.5062210559844971
0.5217790603637695
0.4300808906555176
0.48959898948669434
0.5025110244750977
0.5235309600830078
0.4725010395050049
0.5743157863616943
0.4273831844329834
0.5256109237670898
0.42784690856933594
0.5226340293884277
0.5225119590759277
0.4241161346435547
0.496624231338501
0.6064651012420654
0.524899959564209
0.5174047946929932
0.4269089698791504
0.492020845413208
0.5042531490325928
0.4957129955291748
0.424854040145874
0.5296258926391602
0.5184609889984131
0.4275038242340088
0.46405506134033203
0.5341801643371582
0.5648858547210693
0.459913969039917
0.5046758651733398
0.516505241394043
0.5220749378204346
0.5016429424285889
0.4999079704284668
0.424854040145874
0.509984016418457
0.61598801612854
0.6141891479492188
0.6147141456604004
0.42583513259887695
0.5971519947052002
0.4260439872741699
0.5965108871459961
0.42754697799682617
0.4967081546783447
0.4826781749725342
0.643024206161499
0.4250209331512451
0.49412083625793457
0.4746978282928467
0.5496981143951416
0.4770059585571289
0.4727468490600586
0.4274439811706543
0.4291341304779053
0.4267561435699463
0.5342450141906738
0.6118137836456299
0.6169321537017822
0.426713228225708
0.49855899810791016
0.47658824920654297
0.5434222221374512
0.4271390438079834
0.502694845199585
0.47725510597229004
0.43944478034973145
0.5356841087341309
0.5865967273712158
0.4262568950653076
0.5967381000518799
0.43152284622192383
0.42681407928466797
0.4817838668823242
0.6071329116821289
0.512099027633667
0.6133201122283936
0.42496204376220703
0.5989828109741211
0.6149580478668213
0.4456000328063965
0.5781490802764893
0.614858865737915
0.6155819892883301
0.42439913749694824
0.5030820369720459
0.5122501850128174
0.6051628589630127
0.4269118309020996
0.5958452224731445
0.4270939826965332
0.5621178150177002
0.42684006690979004
0.5308070182800293
0.4430699348449707
0.47761106491088867
0.5054709911346436
0.4248042106628418
0.42507505416870117
0.4892590045928955
0.6147427558898926
0.4263267517089844
0.5979478359222412
0.5523059368133545
0.4261159896850586
0.42641615867614746
0.42580103874206543
0.5223019123077393
0.5194709300994873
0.5072040557861328
0.5188310146331787
0.47510194778442383
0.42707109451293945
0.42565417289733887
0.535214900970459
0.48183298110961914
0.5198459625244141
0.5047180652618408
0.515239953994751
0.5075111389160156
0.5177872180938721
0.5070409774780273
0.5461592674255371
0.4781057834625244
0.543982982635498
0.581416130065918
0.42681312561035156
0.4975109100341797
0.5177299976348877
0.5048558712005615
0.5428731441497803
0.5839779376983643
0.4260141849517822
0.4768178462982178
0.5378520488739014
0.5128357410430908
0.4730963706970215
0.42765212059020996
0.47720813751220703
0.5589139461517334
0.5204811096191406
0.5050058364868164
0.5158329010009766
0.6098461151123047
0.423598051071167
0.6008529663085938
0.42824506759643555
0.5947182178497314
0.42679381370544434
0.42940711975097656
0.5069520473480225
0.5839722156524658
0.47653913497924805
0.5463581085205078
0.42560791969299316
0.5010240077972412
0.44817495346069336
0.4965202808380127
0.4253721237182617
0.4256100654602051
0.45882701873779297
0.5059280395507812
0.5248701572418213
0.4991748332977295
0.5250840187072754
0.4991319179534912
0.42694592475891113
0.4765498638153076
0.43325376510620117
0.4286191463470459
0.5883650779724121
0.42734313011169434
0.5965101718902588
0.6150178909301758
0.5339438915252686
0.4878239631652832
0.46255016326904297
0.4602522850036621
0.5894691944122314
0.5381639003753662
0.6111452579498291
0.4265580177307129
0.4260749816894531
0.4783186912536621
0.5471701622009277
0.4260978698730469
0.5465850830078125
0.4289572238922119
0.42813801765441895
0.4263579845428467
0.5782268047332764
0.4275016784667969
0.5961441993713379
0.5220279693603516
0.5410752296447754
0.4736049175262451
0.5178182125091553
0.42420506477355957
0.5338351726531982
0.4686758518218994
0.42463207244873047
0.4250218868255615
0.4259791374206543
0.5684700012207031
0.61155104637146
0.4733140468597412
