0.7363500728607177
0.5215110912322998
0.5226049556732177
0.5150292053222656
0.5169990196228027
0.5218739643096924
0.5199766292572021
0.5301399364471435
0.5323178901672363
0.5207898750305175
0.5205400123596191
0.5171532764434814
0.5189342632293701
0.5189437999725341
0.526899112701416
0.5260439052581787
0.5231499805450439
0.5254120960235595
0.5285308494567871
0.522769941329956
0.5188160076141357
0.5320861473083496
0.5197782649993896
0.5146610870361328
0.5208668842315674
0.5176952018737793
0.5241809024810791
0.5256300106048584
0.5233681335449218
0.5290892257690429
0.5247233047485351
0.5496661796569824
0.51449729347229
0.5185949935913086
0.526051773071289
0.5225250854492187
0.5237069263458252
0.5279820098876953
0.518373025894165
0.5180471076965332
0.5234661235809326
0.5286281242370605
0.5306961669921875
0.5277881755828857
0.5270800724029541
0.5191931858062744
0.520542158126831
0.5215602054595947
0.5223572387695312
0.5268941059112549
0.5255689754486084
0.5222458972930908
0.5230729713439941
0.5236709251403808
0.5288927688598632
0.5244329109191894
0.5293748512268066
0.5251817836761474
0.5194187297821045
0.532213939666748
0.5330081119537353
0.5323200359344482
0.5343229904174804
0.5339789524078369
0.5361869468688965
0.5386920108795166
0.5344667568206787
0.5341069831848144
0.5428512229919433
0.534336103439331
0.5500278606414795
0.538796199798584
0.542258991241455
0.5367629661560058
0.5429690017700195
0.5363810195922851
0.52969504737854
0.5409510269165039
0.5848600997924804
0.5283839836120605
0.5322311058044433
0.536167158126831
0.5386409893035888
0.5357027187347412
0.5328381195068359
0.5334789886474609
0.5340709819793701
0.5322883262634277
0.5282478466033935
0.5306711330413818
0.5243489875793457
0.5183510913848877
0.527535213470459
0.5289981498718261
0.5384657516479492
0.5466058387756347
0.5281779899597168
0.5326779022216797
0.5284280910491943
0.5312597885131836
0.536545051574707
0.5355861320495605
0.529850019454956
0.523568166732788
0.5266230239868164
0.5268519058227539
0.5333531036376953
0.5368311538696289
0.5359249248504638
0.5317223205566406
0.5349249973297119
0.5313468112945556
0.5318539276123047
0.5269088878631591
0.5330870285034179
0.5360949172973632
0.5326910152435302
0.5282251968383789
0.5366187229156494
0.5353632106781006
0.53168798828125
0.5283618106842041
0.5353841915130615
0.5290339126586914
0.525586856842041
0.5177319183349609
0.5160081520080566
0.5111110343933105
0.514523042678833
0.5156059398651123
0.5107660427093506
0.5166440143585205
0.5118630065917968
0.5357580318450927
0.5181439056396484
0.5165171756744384
0.5079059734344482
0.513271821975708
0.5126738681793213
0.5088610782623291
0.5386078491210937
0.5108711853027343
0.510889066696167
0.510015977859497
0.5142030849456787
0.5108978881835937
0.5098450317382812
0.5447690620422363
0.5127148761749267
0.5094018115997314
0.5088729991912841
0.509785903930664
0.5089860095977783
0.5081410541534424
0.5436780586242675
0.5103399887084961
0.5098340644836425
0.5098931922912597
0.5101070537567138
0.5077080860137939
0.5100219383239746
0.5438289775848388
0.5103299751281738
0.5115249290466308
0.5117151870727539
0.5111899509429931
0.5147030487060547
0.5115561618804931
0.5607528820037841
0.512616886138916
0.5183000698089599
0.5152371063232422
0.5204038753509521
0.5170340671539306
0.5174560680389404
0.5265200271606445
0.5122280254364013
0.5148668422698974
0.5148332252502441
0.5061648025512695
0.5149111881256103
0.515713228225708
0.5504701271057129
0.523324026107788
0.5233318939208984
0.5213830604553222
0.5152528419494629
0.5136621131896972
0.5371050968170166
0.512414945602417
0.5126097335815429
0.5099089279174804
0.50853706741333
0.5092110767364502
0.5092120304107666
0.5086741580963134
0.5413780345916748
0.5128159656524658
0.5091338291168213
0.5094251766204834
0.5123591556549072
0.511245979309082
0.5100870265960693
0.5444071426391601
0.508792890548706
0.5075941219329834
0.5082657470703125
0.5084698333740234
0.5095801486968994
0.5137140884399414
0.5543761386871338
0.5192756786346435
0.5181629791259765
0.520333065032959
0.5183081760406494
0.5251662864685058
0.5280261173248291
0.5271279945373535
0.529079927444458
0.5305781497955322
0.5248458518981933
0.5226862564086914
0.5175602569580078
0.5291757717132568
0.5282271041870117
0.5256941452026367
0.5150210990905761
0.5141949787139892
0.5170567169189453
0.5224208965301513
0.5379209651947021
0.5291698112487793
0.5462138786315918
0.5218107833862304
0.5209169521331787
0.5322847499847412
0.5301962032318115
0.5254912509918213
0.5223498477935791
0.5182967319488525
0.5233597888946533
0.5206749572753906
0.5239687099456787
0.5182612075805664
0.5149562492370605
0.5204541816711425
0.5187549724578857
0.5196950569152832
0.5152840747833252
0.5259311332702636
0.5185670986175537
0.5187177791595459
0.5220182075500488
0.5215931072235107
0.518157018661499
0.5176489486694336
0.5162880554199218
0.5096101894378662
0.5107181205749511
0.5209360256195068
0.5119731559753418
0.5108850135803222
0.519488109588623
0.5140280857086181
0.5143888130187988
0.5200100078582763
0.5414421691894531
0.5200882091522216
0.5235910549163818
0.5201089515686035
0.5246048107147216
0.5295200481414795
0.5289628639221191
0.5299511089324951
0.598397029876709
0.5255301132202148
0.5269820823669433
0.522258056640625
0.5198738708496093
0.5240240230560302
0.5221638813018799
0.5218129291534424
0.5204360618591308
0.5255668296813965
0.5248448982238769
0.5244081153869629
0.5265381469726562
0.5183000698089599
0.5201039447784424
0.5235149993896484
0.5120971336364746
0.5080700054168701
0.5174770488739013
0.5119519367218017
0.5313410892486572
0.5161750450134277
0.5110249652862549
0.5110590591430664
0.5142490997314453
0.5148220195770263
0.5135719909667968
0.5554819240570068
0.5216610565185547
0.5114309921264648
0.510550989151001
0.5173797740936279
0.5140340461730957
0.5137429370880127
0.5452819004058838
0.5111589565277099
0.5094130172729492
0.5113918914794922
0.5132730140686035
0.5172410144805908
0.5228128566741943
0.5502689018249511
0.5253858699798584
0.5278198852539062
0.5295200481414795
0.5213978424072265
0.5254380836486816
0.5270218982696533
0.5296700134277343
0.5272879734039306
0.5268387928009033
0.5191047325134277
0.5103850498199463
0.5128688945770263
0.5173690452575683
0.5144939556121826
0.5205838813781738
0.5262177124023437
0.5276341571807861
0.5219750537872314
0.5251879825592041
0.5187471046447754
0.5114731922149658
0.5093670024871826
0.5119090213775634
0.5121331348419189
0.5161340370178222
0.5094330444335937
0.5094409122467041
0.5418279304504394
0.5080540313720703
0.5100996627807617
0.508523000717163
0.5099129810333252
0.5083689823150634
0.5083706512451172
0.5589342250823974
0.5098030700683593
0.5092148914337158
0.5086019172668457
0.509846939086914
0.5077078475952148
0.5090711250305175
0.551935209274292
0.5289001598358154
0.5220461025238037
0.520804895401001
0.5179281368255615
0.5145797863006591
0.5216310157775879
0.5211780204772949
0.5199351444244384
0.5161080493927002
0.5152092113494873
0.5171270503997802
0.518764986038208
0.5179579391479492
0.5118229522705078
0.5113189353942871
0.5136442317962646
0.5099399223327636
0.5259468688964843
0.5134217872619629
0.5093150272369384
0.5378019943237304
0.5090222492218017
0.5129428043365478
0.5195870532989502
0.5106880798339843
0.5100329055786132
0.5207226409912109
0.5540592803955078
0.5249879493713379
0.5234499111175537
0.5191660060882568
0.5202140941619873
0.5209398403167724
0.5194778575897216
0.5254371299743652
0.5307738914489746
0.5372572078704834
0.5360198154449463
0.5352029933929443
0.5272867813110351
0.5276093616485595
0.5236771240234375
0.5285239353179931
0.5196981563568115
0.520067943572998
0.5246331825256347
0.5306289329528808
0.5374679698944091
0.5354199542999267
0.5332458152770996
0.524647964477539
0.5213339462280273
0.5170118942260742
0.5201981201171875
0.5128169193267822
0.5278587474822998
0.522441162109375
0.5142450466156006
0.5074122085571289
0.5119779243469238
0.521405948638916
0.5234382286071777
0.5305328502655029
0.5221681728363037
0.5222680702209472
0.5377810134887695
0.5160410537719726
0.5202920570373535
0.5269918575286865
0.5209438934326172
0.5208978786468506
0.5202469959259033
0.522060884475708
0.511076940536499
0.5313897266387939
0.5221731796264648
0.5094368591308593
0.5121719970703125
0.5087850227355957
0.5096709861755371
0.5088589324951172
0.5080449714660644
0.5132260456085205
0.551648868560791
0.5112087860107422
0.5118899478912353
0.5100677146911621
0.5119006767272949
0.5101390018463134
0.5118720664978027
0.5637440814971924
0.514412893295288
0.511421932220459
0.5116789474487304
0.5105538501739502
0.5127070083618164
0.5123832359313965
0.5442962779998779
0.5117900505065918
0.5208070411682129
0.5116839542388916
0.5194730892181396
0.5100450649261474
0.5097990169525146
0.5489299430847168
0.5108599796295166
0.5132758750915527
0.5086510314941406
0.5094089641571045
0.509069932937622
0.5107879772186279
0.5499317779541015
0.5110309257507324
0.5119919910430908
0.6195578708648681
0.511821044921875
0.5112848415374756
0.509983076095581
0.5112078323364257
0.5110926761627197
0.5131082668304443
0.5096130504608154
0.5554409160614013
0.5786137714385986
0.574914945602417
0.509450210571289
0.510576976776123
0.5106227531433105
0.5096700325012207
0.5293121471405029
0.5098967685699463
0.5126950874328613
0.6315648689270019
0.5768647327423095
0.5123829975128174
0.5093910827636718
0.51065207862854
0.5097758903503418
0.5151918067932129
0.5109679832458496
0.5628330841064453
0.5084707870483398
0.51000191116333
0.5104460849761963
0.5090756549835205
0.5116500988006591
0.5111229553222656
0.5125458374023437
0.5098762645721435
0.5192530288696289
0.509062780380249
0.5094781055450439
0.5091600551605224
0.5473978652954101
0.5106580390930175
0.5116038455963134
0.5103359355926513
0.5088720455169677
0.5158150329589843
0.5119519367218017
0.5484509601593017
0.5123167171478271
0.5130980148315429
0.5073549880981445
0.5100331439971924
0.5111229553222656
0.5247650279998779
0.5519690647125244
0.5152290000915527
0.5143830909729004
0.5101511611938476
0.5094871654510498
0.5126528873443603
0.5116541519165039
0.5448112621307373
0.5091061725616455
0.5193820133209228
0.509856237411499
0.5141608848571777
0.5251038208007812
0.5200131072998047
0.5280790462493896
0.5180010929107666
0.515224946975708
0.5099818840026855
0.5094659461975097
0.5101013317108154
0.510454906463623
0.5497398509979248
0.5150182380676269
0.512581838607788
0.5157680644989013
0.5099201335906982
0.5173211231231689
0.5113911762237549
0.542589916229248
0.5109257831573486
0.5103478565216064
0.5079908504486084
0.5964467658996582
0.5091688766479492
0.5083911552429199
0.5095758571624756
0.5085201396942138
0.5163631572723388
0.5104768409729004
0.5083170070648193
0.5106258525848388
0.5095667972564697
0.5455510749816894
0.5092988147735595
0.5125291481018066
0.5103588237762451
0.5114541187286377
0.5079577102661132
0.5115039482116699
0.5480277671813965
0.5150470867156982
0.5121700897216797
0.5070269241333007
0.5093019142150879
0.5079357757568359
0.509555830001831
0.5489649906158447
0.5093770160675049
0.5103640689849853
0.5139980449676513
0.5135729446411132
0.5094161167144775
0.5106701984405517
0.5465788974761963
0.5096361770629882
0.512367977142334
0.5154261722564697
0.5096588268280029
0.5156481399536132
0.5094781055450439
0.5432670249938965
0.5124440326690674
0.508680118560791
0.5083830490112304
0.5096140041351318
0.5086560382843017
0.5097298755645752
0.5799851551055908
0.5185849800109863
0.5100829734802246
0.5105419292449951
0.5189161434173584
0.5101022853851318
0.5100150241851806
0.5423491134643554
0.5702312126159668
0.5128338470458984
0.5097849502563476
0.5091939105987549
0.509159101486206
0.5124578609466552
0.5177209510803222
0.5138919486999511
0.513530029296875
0.5173840656280517
0.5948917999267578
0.5122230186462402
0.5131058826446533
0.5111971035003662
0.5136559143066406
0.5179877414703369
0.5121293201446533
0.5255200996398925
0.51586128616333
0.5221259727478027
0.5191161766052246
0.5169510974884033
0.5245599880218506
0.5155182018280029
0.5089540615081787
0.5132408275604248
0.515203966140747
0.5256252422332763
0.5122559204101562
0.5210950508117675
0.5132730140686035
0.5129118099212646
0.5174842014312744
0.5109427108764648
0.5345077648162841
0.5208411350250244
0.5271959438323974
0.5133941307067871
0.5156228675842285
0.5320108070373535
0.5102968349456787
0.519211067199707
0.5322363510131836
0.5218720569610595
0.5262479915618896
0.5176222457885742
0.5176901950836181
0.5188951625823974
0.5148966445922851
0.5220229759216308
0.5141768589019775
0.5229370727539062
0.5328011646270752
0.5253229274749756
0.5249650611877441
0.5232999458312988
0.5216920509338379
0.5319879188537597
0.5225839748382568
0.5189390316009521
0.6161823406219482
0.5169539585113525
0.5155851974487304
0.5102989807128906
0.514055980682373
0.5378730430603027
0.5126230850219726
0.5089581146240234
0.5291249885559082
0.5776820316314697
0.5791583194732666
0.5102141036987304
0.5093231334686279
0.5449650421142578
0.5209818019866943
0.5083410873413086
0.5341367855072021
0.5213968887329101
0.5714650287628174
0.5812890663146972
0.5249121322631836
0.5199368133544922
0.5222160949707031
0.5283947124481201
0.5193739070892334
0.5236678256988525
0.5278599395751953
0.5262587203979492
0.5332641735076904
0.5364740028381347
0.5280621185302734
0.5294561519622802
0.5339160099029541
0.5367419853210449
0.5251248016357422
0.5265190734863281
0.5324788227081299
0.5243280067443847
0.5257818832397461
0.5221779479980468
0.5287451877593994
0.5331499710083007
0.5280490055084228
0.5243070259094238
0.5246718063354492
0.5171799793243408
0.5131838455200195
0.5118448867797851
0.5211260452270507
0.524086965560913
0.5157032146453857
0.5198722019195556
0.5237000122070312
0.5151360168457031
0.5239370002746582
0.5223970546722412
0.5296781196594238
0.5188551082611084
0.5178620948791504
0.5228741302490234
0.5193808212280273
0.5211379661560058
0.5221321716308593
0.5144651069641113
0.5134990348815918
0.5289352073669433
0.5135662689208984
0.5121469631195068
0.5156870021820068
0.5289299621582031
0.5200319423675537
0.5218768253326416
0.5364871158599853
0.5208668842315674
0.519959939956665
0.5261650218963623
0.5178451671600341
0.5251329078674316
0.5246367588043213
0.5179884567260742
0.512685073852539
0.509022964477539
0.5099532737731933
0.5130241050720215
0.5132787361145019
0.5264268054962158
0.5373120441436767
0.5208161010742187
0.5244350566864013
0.5091991558074951
0.5140051975250244
0.5360350742340088
0.5158841743469238
0.5167632236480713
0.5171880855560302
0.5159461631774902
0.5194871559143066
0.5195939674377441
0.5303638114929199
0.5202782287597656
0.5165846481323242
0.525168909072876
0.5253019466400146
0.5277431144714355
0.5249879493713379
0.5253410472869873
0.5306050910949707
0.5211551322937011
0.520840181350708
0.5203466548919677
0.5194578304290771
0.5122740402221679
0.5097940101623535
0.513832820892334
0.5254800453186035
0.5083067550659179
0.523000015258789
0.5228960647583007
0.5299048557281494
0.5110759868621826
0.5142848625183105
0.5222690238952636
0.5208139553070068
0.5380880966186523
0.5273871555328369
0.5222380294799804
0.5244069232940674
0.5373838081359863
0.5260150566101074
0.5293049945831299
0.5426268711090088
0.53112007522583
0.5237002506256103
0.5252471103668213
0.5445881023406982
0.519225133895874
0.5209732189178466
0.5205090179443359
0.5182740821838379
0.5143032207489013
0.5312039985656738
0.5249729290008545
0.5170319213867187
0.5109238758087158
0.5302617683410644
0.5097971096038818
0.5099499359130859
0.5112860336303711
0.5089130535125732
0.5351331367492675
0.5092010631561279
0.5091371669769287
0.5112269058227539
0.5169029369354248
0.5108699932098388
0.520514024734497
0.5601561203002929
0.5203759803771972
0.523777021408081
0.5258200302124023
0.5248730316162109
0.5199689998626709
0.5255420341491699
0.5276780261993408
0.5452611579895019
0.5254669322967529
0.5309212341308593
0.5301609172821045
0.5297107830047607
0.5303046836853027
0.528586877822876
0.5314998760223388
0.5210700168609619
0.5212431087493896
0.5208318367004394
0.5181930198669433
0.521837963104248
0.5303299560546875
0.53097678565979
0.5504200592041015
0.5245511665344238
0.518520845413208
0.5186679496765136
0.5194828643798828
0.528349889755249
0.5202162399291992
0.5297601356506347
0.5272939338684082
0.5327227249145507
0.5360736980438232
0.5345161094665527
0.5308947696685791
0.5300200119018554
0.5319452419281006
0.5378351345062256
0.6708040370941162
0.5341949596405029
0.5825381412506103
0.5376448764801025
0.5344941749572754
0.5418570175170898
0.5396890773773193
0.542787088394165
0.5358560218811035
0.6321869029998779
0.5797960891723632
0.5789947643280029
0.5177991523742675
0.5185530319213867
0.5303328170776367
0.5737199916839599
0.5244341030120849
0.5281548633575439
0.6309337749481201
0.5766408576965332
0.5172529354095459
0.5692560806274414
0.5184359683990478
0.5249569549560547
0.5214738979339599
0.5263190402984619
0.5228948726654052
0.5335428848266601
0.5387637748718261
0.5421588554382324
0.5360252990722656
0.5414040222167968
0.5376072063446045
0.5334868564605713
0.531838191986084
0.5439031257629394
0.5544428958892822
0.5406129493713379
0.5406000747680664
0.5372929706573486
0.5427200927734375
0.5335352554321289
0.5342600479125976
0.5377111568450927
0.5399000778198242
0.5312290325164795
0.5281140937805175
0.5318770542144775
0.5340268745422363
0.5351121559143066
0.5339717998504638
0.5326020851135254
0.5226168766021728
0.5199277534484863
0.5299670829772949
0.5368275775909424
0.5519230499267578
0.53498388671875
0.5417852535247802
0.5307376518249511
0.5346338882446289
0.528223051071167
0.5193290843963623
0.5181789531707763
0.5256490840911865
0.5251279010772705
0.5261321201324463
0.524697078704834
0.5257802143096924
0.5235159530639648
0.5202169551849365
0.5215551986694336
0.533972276687622
0.5206189289093017
0.5229010715484619
0.5301332607269287
0.5543987884521484
0.5333747997283935
0.5315818920135498
0.5281028881072998
0.5226671829223632
0.5203962459564209
0.5256307258605957
0.5211401119232177
0.5261800422668457
0.5221593513488769
0.5106198921203613
0.5087461605072021
0.5117168560028076
0.5168621673583984
0.5217108860015869
0.5298140182495117
0.526269926071167
0.5195300712585449
0.5177238121032715
0.5155589714050293
0.5191080703735351
0.5228550567626953
0.5286002292633056
0.5406479969024658
0.5374710693359375
0.5336921348571777
0.5407660140991211
0.5333569183349609
0.5312297477722168
0.5304758682250976
0.530972017288208
0.5309269561767578
0.5292329921722412
0.5217039718627929
0.5215301647186279
0.5160229339599609
0.5133481159210205
0.5135703220367431
0.5283789768218994
0.5231351985931396
0.5228788986206054
0.5255520477294922
0.525335802078247
0.5217549934387207
0.521689905166626
0.5107269420623779
0.5169451370239257
0.5163889064788818
0.5204517974853515
0.5341017379760742
0.5311167373657226
0.5304119720458984
0.5283270015716552
0.5296092166900634
0.5352170600891113
0.5365619792938232
0.5252649917602539
0.5260069503784179
0.543003095626831
