0.5419488086700439
0.542763723373413
0.5327658786773681
0.5339679851531982
0.5453357830047607
0.5324511661529541
0.5233228340148925
0.5184650554656982
0.5312528743743896
0.5360479488372802
0.5301861896514892
0.5296709671020507
0.5297041072845459
0.5214469566345215
0.5244467391967773
0.5294611587524414
0.5158350601196289
0.5237138404846191
0.5259490146636963
0.5248251094818115
0.5351061954498291
0.5331931247711181
0.5317690505981445
0.5334401264190674
0.5288159980773925
0.5317108764648437
0.5260691776275634
0.52379585647583
0.5257260932922363
0.5279348030090332
0.539218915939331
0.5382990970611572
0.5335393085479736
0.5324859752655029
0.5320899620056152
0.5326550140380859
0.5352790489196777
0.5331061019897461
0.5360906257629394
0.5345819129943847
0.5237500801086425
0.5374510421752929
0.5455920829772949
0.5389142169952392
0.539458288192749
0.5620229377746582
0.538124813079834
0.5313651695251465
0.5338089599609375
0.5233888759613037
0.5324688091278076
0.536282075881958
0.5355179443359375
0.5422382488250732
0.534127010345459
0.5455021991729736
0.5330360069274902
0.5271361007690429
0.5341851844787597
0.5371959342956543
0.5222809448242187
0.5227129592895507
0.5271721019744873
0.5307629241943359
0.5237360134124756
0.517858995437622
0.521492971420288
0.5230598583221435
0.5274760856628418
0.5389979019165039
0.52770210647583
0.5204513206481933
0.5266997947692871
0.5188069477081299
0.522870792388916
0.5906520023345947
0.5862860813140869
0.5340879096984863
0.5400679244995117
0.5323231353759765
0.5431749954223632
0.5312841072082519
0.5254449977874756
0.5673909320831299
0.5788109436035156
0.581764949798584
0.5408079757690429
0.538599027633667
0.5253369941711425
0.5313861503601074
0.5344247951507568
0.5513382091522216
0.6080212726593017
0.5770831241607666
0.5242059364318847
0.5241246356964111
0.5816919937133789
0.5267532005310058
0.5294749870300293
0.5238509311676025
0.5240438117980957
0.5225529804229736
0.5310070648193359
0.5409639015197754
0.5360973014831543
0.5376596584320068
0.5371978416442871
0.5352110996246338
0.5356910362243652
0.5355758800506591
0.5382340087890625
0.5342753067016601
0.548500789642334
0.5414009227752685
0.5308151378631591
0.5307381286621093
0.5325639381408691
0.529958023071289
0.5372159614562988
0.547266019821167
0.5269007816314697
0.5250589981079101
0.525906099319458
0.5373320713043213
0.5312860145568847
0.524917854309082
0.5304348602294922
0.5406558647155761
0.5352568759918213
0.5310359134674072
0.5301077499389648
0.5268681182861328
0.5236470832824707
0.5192842617034912
0.5166158809661865
0.5234141483306884
0.5254731311798095
0.5292501583099365
0.5311157836914062
0.5285399093627929
0.5294311180114746
0.5353839530944824
0.5503747596740722
0.538509859085083
0.5365607872009277
0.5353717937469482
0.5453071727752685
0.5376701488494873
0.5325317516326904
0.5402939453125
0.5310180320739746
0.5350978507995605
0.535148157119751
0.5280830993652343
0.528634084701538
0.5228698387145996
0.5234668388366699
0.5240571632385254
0.523899091720581
0.5285489692687988
0.526558889389038
0.5480978622436523
0.5267627372741699
0.528310073852539
0.5267670288085937
0.5254371299743652
0.520675910949707
0.5151300563812256
0.5170121326446533
0.5296740665435791
0.5360438957214355
0.5363967552185058
0.5297241344451904
0.5357887878417968
0.5472600593566894
0.5346243515014648
0.535073055267334
0.5332901611328125
0.5389657154083252
0.5413968696594238
0.5431430473327636
0.551562084197998
0.5408768787384033
0.5333771839141845
0.5639031066894531
0.5391619338989257
0.5464582576751709
0.5405202045440674
0.5628919734954834
0.5415501728057861
0.5379848613739013
0.5425417556762695
0.5617180004119873
0.5797810688018799
0.5309240951538086
0.5275619163513183
0.5447249546051025
0.5402472152709961
0.5437851085662841
0.5253489151000976
0.5210909976959228
0.5262787475585937
0.5299308433532715
0.5411992206573486
0.549360050201416
0.5423698558807373
0.5328967704772949
0.5393917694091797
0.5481219425201416
0.546298994064331
0.5344107284545898
0.5302589073181152
0.5318818225860595
0.5356240406036377
0.5325842037200927
0.5291309490203857
0.5326566829681396
0.5362978115081787
0.5320890083312988
0.5279278888702392
0.5289631023406982
0.5346422328948974
0.5318591728210449
0.533105863571167
0.5262510910034179
0.5214681758880615
0.5286941661834716
0.5322189464569091
0.5338592662811279
0.5348739757537841
0.5258300437927246
0.5293531551361084
0.5277829303741455
0.5137541427612304
0.5129521026611328
0.5183282032012939
0.5227098598480224
0.5301830902099609
0.5248491897583007
0.5246381893157959
0.5247140064239502
0.5257399215698242
0.5345020427703857
0.52460791015625
0.5254359378814697
0.5311148300170898
0.5504760875701904
0.5358381404876709
0.528418077468872
0.5291853084564209
0.5309569969177246
0.5319378509521484
0.5280442371368408
0.5318317546844482
0.5288620128631591
0.5311520233154297
0.529331220626831
0.5308761730194091
0.5319211616516113
0.5359368457794189
0.5255501403808593
0.5256018772125244
0.5249509944915771
0.5268979206085205
0.5276360645294189
0.5782377853393554
0.5219729080200195
0.5316908493041992
0.515826000213623
0.5291679039001465
0.5490331783294677
0.5407910480499267
0.5854606761932373
0.5798461570739746
0.5772171154022216
0.5461080207824707
0.5772292747497558
0.5393788948059082
0.5411160125732422
0.551935209274292
0.5487570896148681
0.5405399932861328
0.5632369651794433
0.5345029964447021
0.5496149196624756
0.5417587890625
0.5417130126953125
0.5331769123077392
0.5312111511230468
0.5254922046661377
0.5192859306335449
0.5181768074035644
0.5211980476379394
0.5236280097961425
0.5246310367584228
0.5185802116394043
0.522074951171875
0.5247950687408447
0.5226981773376465
0.5146110191345215
0.514112247467041
0.5324459209442138
0.534314884185791
0.5351889266967773
0.5285301342010498
0.5277240409851074
0.5286171569824218
0.5257079734802246
0.5243840351104736
0.5239508285522461
0.5220129623413086
0.537606014251709
0.53292991065979
0.5365829601287841
0.5400810375213623
0.539596809387207
0.5341332092285156
0.5337410106658935
0.5370109214782715
0.5261829032897949
0.5241611137390136
0.5346281661987304
0.5528118743896484
0.5305459632873535
0.5226810111999511
0.521675838470459
0.5195751323699951
0.5213160648345947
0.5216272010803222
0.5336959495544433
0.5327530040740966
0.5289318695068359
0.5209140911102295
0.5108518733978271
0.5135939254760742
0.523018850326538
0.5257449283599853
0.5221741333007812
0.5232751502990722
0.5249579086303711
0.5264837875366211
0.5246458187103271
0.5308830871582031
0.527688039779663
0.525899185180664
0.525143159866333
0.5239770545959472
0.5466988220214843
0.5243170394897461
0.5233030452728271
0.5254089965820312
0.5221128597259521
0.5260532035827636
0.5294089450836181
0.525100959777832
0.5311327114105224
0.52631689453125
0.5286100044250488
0.5382003917694091
0.52597190284729
0.5235240592956543
0.5231211318969726
0.5253689422607422
0.5428872241973877
0.5342672004699707
0.5267901554107666
0.5153029098510742
0.5088472499847412
0.5237529411315918
0.5187108650207519
0.5166630878448486
0.515387071609497
0.5176017417907715
0.5360767974853515
0.5232420101165771
0.5189221038818359
0.5297587051391601
0.5254769458770752
0.5198700561523437
0.5197971000671386
0.5233607425689697
0.524082197189331
0.5249238147735595
0.5223178997039795
0.5188880100250244
0.5178558959960937
0.5109748973846435
0.5136838092803955
0.5146989955902099
0.5153877868652343
0.519337905883789
0.5168059005737304
0.5124898090362549
0.5097501411437988
0.5221512451171875
0.5170169010162353
0.5144059791564941
0.5142030849456787
0.5131442680358886
0.5131600036621093
0.5126321449279785
0.5109038486480713
0.5426898136138916
0.511774076461792
0.5120380058288574
0.5104348793029785
0.5163080825805664
0.5139858856201172
0.5239861145019531
0.5474040641784668
0.5305450096130371
0.5281417503356933
0.5251271858215332
0.521140827178955
0.5228901042938232
0.5316217079162597
0.5139110221862793
0.5168557300567627
0.5196700229644775
0.5219121112823486
0.5231390132904052
0.5206761493682861
0.5184002056121826
0.5243010654449463
0.5198502674102783
0.5355389251708984
0.5171003475189209
0.5119240417480468
0.5135750904083252
0.5248999729156494
0.5254340305328369
0.5330274238586425
0.5260429515838623
0.5282509460449218
0.525154842376709
0.5152959957122802
0.5126633777618408
0.51801611328125
0.5190010204315185
0.5162060394287109
0.5187330379486084
0.5160870685577392
0.513832820892334
0.5171699657440185
0.5195620193481445
0.5198180809020996
0.5104839935302734
0.5092010631561279
0.5112002029418945
0.5118737354278564
0.5128770008087158
0.5408399238586425
0.510581745147705
0.5115497245788574
0.5105528964996338
0.5083789958953857
0.5175666942596435
0.5155909194946289
0.6507449283599853
0.5769209995269775
0.5294590129852295
0.5337202682495117
0.5269341602325439
0.5247409477233886
0.5677118434906006
0.5242819919586181
0.5290420188903808
0.530180944442749
0.5252459182739257
0.5277378692626953
0.5232107772827148
0.5127658977508545
0.5197582378387451
0.5347058906555175
0.5125360622406006
0.5176048412322998
0.5210311546325683
0.5119457378387451
0.5151658191680908
0.5166680946350097
0.5124011173248291
0.5120029582977295
0.5121369495391845
0.5175032749176025
0.5189049377441406
0.5456128253936767
0.5303800239562988
0.5182712211608886
0.5231771602630615
0.5200610294342041
0.516358865737915
0.523363842010498
0.5186479225158691
0.5239722862243652
0.5227649345397949
0.5198619499206543
0.5235648288726806
0.5285229816436767
0.5231146945953369
0.5267138614654541
0.5150258674621582
0.524492992401123
0.529342903137207
0.5148081912994384
0.5130550994873047
0.5119829311370849
0.5220952167510986
0.5206208362579345
0.5114839210510254
0.5084209575653076
0.5082957878112793
0.5213468208312988
0.5135998859405517
0.534441722869873
0.5137870445251465
0.5125939979553222
0.5111258163452148
0.5166759624481201
0.5151419773101806
0.512840045928955
0.5312831535339355
0.5163769855499267
0.5144357814788818
0.5187323226928711
0.52758003616333
0.5153820648193359
0.5097692146301269
0.516880048751831
0.5100941791534424
0.512558235168457
0.5099330081939697
0.5144710674285888
0.5164070262908935
0.5126366748809814
0.5451920166015625
0.5143571033477783
0.5087592735290527
0.512109769821167
0.5110020771026611
0.5105459823608398
0.5116913452148437
0.5622570648193359
0.5160532131195068
0.5247540607452392
0.5134210720062256
0.5144968166351318
0.5141208305358886
0.514055980682373
0.5217759742736816
0.509907974243164
0.5073382987976074
0.5084300174713134
0.5153110160827636
0.5104720726013183
0.5141370429992675
0.5533089771270752
0.5131869449615478
0.520581974029541
0.5209517612457275
0.5196871891021728
0.513144983291626
0.513008846282959
0.5242471828460693
0.5190730228424072
0.5252711906433105
0.5379469528198242
0.5233800544738769
0.5229008331298828
0.5182047023773193
0.515743745803833
0.5207638874053955
0.5199859275817871
0.5239818229675293
0.5220177307128906
0.518114818572998
0.5220801963806152
0.5209372177124023
0.5258538856506347
0.5280490055084228
0.5207219257354736
0.5259280338287353
0.5265770092010498
0.5286250247955322
0.5179402961730957
0.5172681941986084
0.5169680252075195
0.5188927783966064
0.5129149093627929
0.5213279857635498
0.5249669685363769
0.5233972206115722
0.526772274017334
0.5252931251525879
0.5230507984161377
0.5172758235931396
0.5155270233154297
0.5121979846954345
0.5219419136047363
0.5154791011810302
0.5144231452941894
0.5277638568878174
0.5211660995483398
0.518311990737915
0.5386102333068847
0.5217890872955322
0.5156538619995117
0.5198359622955322
0.5203759803771972
0.519117130279541
0.5120043888092041
0.5226316585540771
0.5553701057434082
0.523993028640747
0.522682918548584
0.5153851642608642
0.5178430213928222
0.5165221824645996
0.5211842193603515
0.5187230243682861
0.5237281455993652
0.5202288761138916
0.5200979843139648
0.5200121536254882
0.5192451610565185
0.520002140045166
0.5208239688873291
0.5151801242828369
0.5153441562652588
0.5183000698089599
0.5198481216430664
0.5212710037231445
0.5111320152282715
0.5141079559326172
0.5210909976959228
0.5164220466613769
0.5172190799713134
0.519070161819458
0.5154938831329345
0.5154540672302246
0.5289538040161132
0.5283689632415771
0.5226390495300293
0.5442829265594482
0.5331640377044677
0.5285589828491211
0.5193019046783447
0.5268440380096435
0.5157020225524902
0.5231330528259277
0.5197420253753662
0.5286581649780273
0.5261309280395507
0.528814805984497
0.5301389827728271
0.5271530284881591
0.6566789283752441
0.5788271560668945
0.5241069927215576
0.527032865524292
0.5496099128723144
0.5258247985839843
0.5253260269165039
0.5204868450164795
0.5133838787078857
0.5114059581756591
0.5165259971618652
0.5137241020202636
0.5333202018737793
0.5166189804077148
0.5143830909729004
0.5185680522918701
0.5213620796203613
0.5155627861022949
0.5171501770019531
0.5246210231781006
0.5269799365997314
0.5346968307495117
0.5213949813842773
0.5207629337310791
0.5217113628387451
0.5250039234161377
0.5158529415130615
0.5136308803558349
0.5111279621124267
0.5116741790771484
0.5140349998474121
0.5152561798095703
0.5302360191345215
0.5198631420135498
0.5248129501342773
0.5174029006958007
0.5128598346710205
0.515232099533081
0.5244660511016845
0.5198130741119384
0.522687686920166
0.5111498966217041
0.5127029552459716
0.5124437942504882
0.5172047748565674
0.5251040592193603
0.5177528991699218
0.5150129928588867
0.5172701015472412
0.5254387989044189
0.52298118019104
0.5300157203674316
0.5165670051574707
0.5120999946594238
0.5161190166473388
0.5189919605255127
0.5193429126739502
0.5214820041656494
0.5277872219085693
0.5258703365325927
0.5213399066925049
0.5238580837249756
0.521107925415039
0.5184149875640869
0.5214517250061035
0.5274200572967529
0.52814794921875
0.5270421638488769
0.5334060325622558
0.5360000267028808
0.5363569393157959
0.5320649280548095
0.5307018890380859
0.5312800540924072
0.5220639839172363
0.5392649307250976
0.5207579269409179
0.5241329803466797
0.5205390586853027
0.5192122592926025
0.5212810173034668
0.5328908100128174
0.5206558837890625
0.5167780055999756
0.5131399765014648
0.5084200038909912
0.5333578720092773
0.5094978942871093
0.5126040115356445
0.5149819984436035
0.5181539192199707
0.5091958179473877
0.5102145805358886
0.5073061122894287
0.5096008911132812
0.5630869998931884
0.5123617782592773
0.5146508350372314
0.5130188598632812
0.5115001335144043
0.5229499473571777
0.5274841918945312
0.5224118366241455
0.5239949359893799
0.509461893081665
0.5148830547332763
0.51354195022583
0.5116298332214355
0.5130121841430664
0.5258288516998291
0.5170691146850586
0.5184402599334716
0.5124876632690429
0.5144641532897949
0.5143358840942382
0.5153079166412353
0.5343721046447754
0.5190088882446289
0.5421528949737549
0.5146839752197265
0.511929048538208
0.5091111793518066
0.5142748489379882
0.509907974243164
0.5093689098358154
0.5126047267913818
0.5120659008026123
0.5087409152984619
0.5107181205749511
0.5083828105926513
0.5496540203094482
0.5128231182098388
0.513112319946289
0.5102071895599365
0.5117628707885742
0.5347237720489502
0.510353816986084
0.5208380355834961
0.5322430267333984
0.511321081161499
0.5275380744934082
0.5256481304168701
0.5110020771026611
0.5151667728424072
0.5359780921936035
0.5240979328155517
0.5101018085479736
0.528586877822876
0.5224428310394287
0.5086639060974121
0.5155320301055908
0.5398111476898193
0.5122721328735351
0.5113489761352539
0.5091972484588623
0.5165453090667724
0.512018217086792
0.521222843170166
0.5165848865509033
0.5140531196594238
0.5174858703613281
0.5261218681335449
0.510311616897583
0.5110671653747558
0.5147600307464599
0.5245406761169433
0.5091738834381103
0.5155506267547607
0.5167868270874023
0.5229439868927002
0.5171859397888183
0.5111320152282715
0.5265030994415283
0.5094392433166504
0.5374720230102539
0.5113930835723877
0.5081739559173584
0.509748233795166
0.5200507774353027
0.5241460933685302
0.5166061058044433
0.5137422218322754
0.5124497547149658
0.514898790359497
0.5139858856201172
0.5163931980133056
0.5335042610168457
0.5125529899597168
0.5132441654205322
0.5121958389282226
0.5108001365661621
0.5112462177276611
0.5125191345214843
0.5500302448272705
0.511008991241455
0.5103321208953857
0.5130636825561523
0.5321419372558593
0.636908067703247
0.5770299568176269
0.5221710338592529
0.5189421310424804
0.5176050796508789
0.5164356365203857
0.515210880279541
0.5189352169036865
0.5164661540985107
0.5174961223602295
0.5409150257110595
0.528924955368042
0.509353889465332
0.5112860336303711
0.5176808967590332
0.5174200668334961
0.5253348484039306
0.5177152290344238
0.5123038425445556
0.5132620468139648
0.5150799884796142
0.5170731678009033
0.5161900653839111
0.5366568698883056
0.5170509948730468
0.5241093769073486
0.5182099475860595
0.5176267757415771
0.5148019924163818
0.5137291088104248
0.5125968589782715
0.5235040321350097
0.5174648895263672
0.5238750114440918
0.5220551624298095
0.5179977550506591
0.5245359077453613
0.5233950748443603
0.514206184387207
0.5128409996032715
0.5186519756317138
0.5198319091796875
0.5380728378295898
0.5220980777740478
0.5141511096954345
0.5236611499786377
0.5284729137420654
0.5150060787200927
0.5107627048492431
0.5110860004425049
0.5219450130462646
0.523556245803833
0.5180289878845215
0.5160551204681396
0.5107557907104492
0.5111570491790771
0.5140409603118896
0.5231049194335937
0.5237076416015625
0.5163369312286377
0.5075860157012939
0.5159101619720459
0.5092229976654052
0.5132181777954101
0.5144529476165771
0.5414328708648681
0.5215971603393554
0.5192961826324463
0.5169408454895019
0.5179369583129882
0.5092091693878174
0.5209849014282226
0.5135669841766357
0.5116541519165039
0.5102660789489746
0.5134120121002197
0.5117018356323242
0.518941177368164
0.5112810268402099
0.572626127243042
0.5118718280792236
0.5356748237609863
0.5218420162200927
0.5155041351318359
0.5129311218261718
0.5217597618103027
0.5116787090301513
0.5124061241149902
0.5133390560150146
0.5130937232971191
0.5242049827575683
0.5116071834564209
0.5165679588317871
0.5407722129821777
0.516753210067749
0.5210008754730224
0.5197091236114502
0.515483154296875
0.5135738983154297
0.5151178970336914
0.525734914779663
0.532248987197876
1.5008809700012207
0.5118119850158691
0.5202498569488525
0.5127768650054931
0.5121431484222412
0.5384390487670898
0.5197701587677002
0.5197780265808105
0.5228057041168213
0.5142808094024658
0.5268011226654052
0.5266120567321777
0.5171618595123291
0.5209009780883789
0.515403284072876
0.5275530948638916
0.5187819137573242
0.5233082904815674
0.5211379661560058
0.5190060272216797
0.5205149784088134
0.5257499351501465
0.5144639148712158
0.5266542568206787
0.5315458908081054
0.5132370128631591
0.5191059246063232
0.5126800670623779
0.5261480941772461
0.5056958332061767
0.5107638969421386
0.513523115158081
0.508201135635376
0.5077757968902588
0.5066428318023681
0.5089550151824951
0.5215399398803711
0.5552790298461914
0.51606298828125
0.5151269569396972
0.5359149112701416
0.5192318096160888
0.5221691265106201
0.5229509010314941
0.5168242588043213
